#K-Path     Band-1    Band-2    Band-3    Band-4      ...     Band-n
  0.0000  -13.4221  -12.9387  -12.7855  -12.6995   -6.2653   -6.1886   -6.1708   -5.9892   -5.9606   -5.6794   -5.6611   -5.5912   -5.5379   -5.4667   -5.2516   -5.1968   -5.1272   -5.0913   -5.0049   -4.9568   -4.7696   -4.6994   -4.6619   -4.6050   -4.4990   -4.4760   -4.4612   -4.4184   -4.3406   -4.2782   -4.2446   -4.1879   -4.1434   -4.0530   -3.9319   -3.8951   -3.8518   -3.7717   -3.7528   -3.6967   -3.6535   -3.6106   -3.4926   -3.3856   -3.3696   -3.2218   -2.9419   -2.8498   -2.0435   -1.8449   -1.4774   -1.0254   -0.5672   -0.3263   -0.1989   -0.0078    0.0087    1.2442    2.5360    2.7216    3.3026    4.4222    4.7576    5.0797    5.3193    5.6801    6.4627    6.5657
  0.0418  -13.4194  -12.9382  -12.7849  -12.6994   -6.2657   -6.1874   -6.1682   -6.0127   -5.9270   -5.6844   -5.6632   -5.5895   -5.5342   -5.4671   -5.2459   -5.1980   -5.1304   -5.0866   -5.0067   -4.9560   -4.7709   -4.7011   -4.6729   -4.6116   -4.5125   -4.4724   -4.4668   -4.3994   -4.3328   -4.2775   -4.2435   -4.1943   -4.1389   -4.0482   -3.9351   -3.8969   -3.8488   -3.7726   -3.7539   -3.6993   -3.6538   -3.6158   -3.4999   -3.3888   -3.3609   -3.2174   -2.9348   -2.8476   -2.0437   -1.8585   -1.4976   -1.0297   -0.5876   -0.3566   -0.1676   -0.0281    0.0194    1.2868    2.5595    2.7484    3.3027    4.4090    4.7395    5.0649    5.2971    5.6439    6.4613    6.5903
  0.0836  -13.4114  -12.9367  -12.7829  -12.6993   -6.2668   -6.1853   -6.1598   -6.0333   -5.8763   -5.6980   -5.6684   -5.5871   -5.5246   -5.4656   -5.2306   -5.2014   -5.1368   -5.0761   -5.0116   -4.9537   -4.7756   -4.7152   -4.6904   -4.6287   -4.5374   -4.4847   -4.4587   -4.3620   -4.3167   -4.2763   -4.2399   -4.2019   -4.1321   -4.0359   -3.9452   -3.8996   -3.8422   -3.7756   -3.7572   -3.7067   -3.6548   -3.6323   -3.5117   -3.4001   -3.3419   -3.2037   -2.9152   -2.8415   -2.0464   -1.8968   -1.5510   -1.0444   -0.6547   -0.4076   -0.1141   -0.0760    0.0534    1.4042    2.6282    2.8230    3.3028    4.3710    4.6864    5.0202    5.2366    5.5469    6.4533    6.6555
  0.1254  -13.3983  -12.9343  -12.7798  -12.6989   -6.2688   -6.1835   -6.1464   -6.0380   -5.8229   -5.7162   -5.6759   -5.5874   -5.5117   -5.4564   -5.2169   -5.1982   -5.1429   -5.0657   -5.0176   -4.9499   -4.7873   -4.7472   -4.6939   -4.6529   -4.5625   -4.5014   -4.4497   -4.3225   -4.3058   -4.2771   -4.2282   -4.1988   -4.1274   -4.0204   -3.9613   -3.9012   -3.8359   -3.7802   -3.7630   -3.7177   -3.6662   -3.6485   -3.5178   -3.4172   -3.3243   -3.1810   -2.8868   -2.8322   -2.0587   -1.9525   -1.6192   -1.0791   -0.7500   -0.4642   -0.1476   -0.0761    0.1375    1.5745    2.7353    2.9293    3.3028    4.3140    4.6027    4.9451    5.1499    5.4131    6.4335    6.7332
  0.1672  -13.3801  -12.9309  -12.7756  -12.6986   -6.2720   -6.1802   -6.1305   -6.0257   -5.7769   -5.7347   -5.6833   -5.5909   -5.4953   -5.4373   -5.2227   -5.1743   -5.1474   -5.0633   -5.0181   -4.9448   -4.8141   -4.7705   -4.6956   -4.6779   -4.5846   -4.5214   -4.4420   -4.3118   -4.2824   -4.2766   -4.2050   -4.1860   -4.1249   -4.0080   -3.9792   -3.9028   -3.8358   -3.7827   -3.7718   -3.7305   -3.6974   -3.6472   -3.5182   -3.4375   -3.3130   -3.1515   -2.8552   -2.8208   -2.0928   -2.0159   -1.6799   -1.1532   -0.8262   -0.5403   -0.2203   -0.0710    0.2703    1.7769    2.8648    3.0378    3.3109    4.2481    4.4997    4.8405    5.0445    5.2686    6.3917    6.6916
  0.2089  -13.3574  -12.9266  -12.7706  -12.6981   -6.2758   -6.1734   -6.1139   -5.9989   -5.7679   -5.7399   -5.6813   -5.5925   -5.4715   -5.4118   -5.2328   -5.1600   -5.1378   -5.0731   -5.0087   -4.9382   -4.8479   -4.7842   -4.7132   -4.6835   -4.6029   -4.5442   -4.4366   -4.3178   -4.2743   -4.2526   -4.1795   -4.1671   -4.1232   -4.0147   -3.9838   -3.9057   -3.8483   -3.7906   -3.7734   -3.7412   -3.7279   -3.6409   -3.5170   -3.4583   -3.3082   -3.1198   -2.8295   -2.8056   -2.1546   -2.0789   -1.7218   -1.2617   -0.8623   -0.6407   -0.2914   -0.0801    0.4299    1.9962    2.9835    3.0933    3.3619    4.1851    4.3987    4.7146    4.9234    5.1365    6.3155    6.4851
  0.2507  -13.3304  -12.9215  -12.7650  -12.6977   -6.2788   -6.1632   -6.0968   -5.9615   -5.7879   -5.7474   -5.6734   -5.5823   -5.4394   -5.3842   -5.2420   -5.1668   -5.1147   -5.0845   -4.9947   -4.9299   -4.8756   -4.7962   -4.7327   -4.6798   -4.6172   -4.5681   -4.4340   -4.3204   -4.2705   -4.2309   -4.1641   -4.1439   -4.1191   -4.0354   -3.9804   -3.9113   -3.8714   -3.8080   -3.7782   -3.7532   -3.7331   -3.6307   -3.5195   -3.4758   -3.3090   -3.0916   -2.8180   -2.7853   -2.2365   -2.1318   -1.7629   -1.3592   -0.8743   -0.7580   -0.3616   -0.0971    0.6033    2.2216    3.0150    3.0959    3.4611    4.1321    4.3300    4.5852    4.8009    5.0333    6.2004    6.3046
  0.2925  -13.2996  -12.9156  -12.7591  -12.6974   -6.2797   -6.1512   -6.0795   -5.9181   -5.8115   -5.7624   -5.6769   -5.5601   -5.4055   -5.3562   -5.2462   -5.1813   -5.1159   -5.0730   -4.9794   -4.9200   -4.8899   -4.8076   -4.7421   -4.6768   -4.6267   -4.5904   -4.4338   -4.3182   -4.2664   -4.2163   -4.1595   -4.1307   -4.1079   -4.0530   -3.9816   -3.9233   -3.8969   -3.8255   -3.7980   -3.7690   -3.7093   -3.6164   -3.5317   -3.4849   -3.3139   -3.0739   -2.8120   -2.7733   -2.3233   -2.1643   -1.8392   -1.3979   -0.8982   -0.8613   -0.4352   -0.1197    0.7839    2.4428    2.9318    3.0661    3.5374    4.0878    4.3123    4.4729    4.7150    4.9799    6.0633    6.1416
  0.3343  -13.2655  -12.9091  -12.7532  -12.6971   -6.2778   -6.1404   -6.0622   -5.8740   -5.8362   -5.7754   -5.6857   -5.5363   -5.3866   -5.3229   -5.2466   -5.1992   -5.1246   -5.0536   -4.9638   -4.9109   -4.8853   -4.8154   -4.7404   -4.6760   -4.6334   -4.6057   -4.4350   -4.3130   -4.2624   -4.2093   -4.1611   -4.1317   -4.1019   -4.0563   -3.9876   -3.9471   -3.9151   -3.8410   -3.8207   -3.7809   -3.6834   -3.5983   -3.5504   -3.4901   -3.3202   -3.0734   -2.8063   -2.7771   -2.3962   -2.1742   -1.9529   -1.3738   -1.0133   -0.8696   -0.5154   -0.1467    0.9674    2.6383    2.8065    2.9686    3.5195    4.0445    4.2981    4.4324    4.6849    5.0249    5.9243    5.9956
  0.3761  -13.2289  -12.9021  -12.7478  -12.6969   -6.2732   -6.1346   -6.0452   -5.8618   -5.8392   -5.7776   -5.6899   -5.5150   -5.3874   -5.2916   -5.2587   -5.2005   -5.1267   -5.0375   -4.9495   -4.9005   -4.8644   -4.8149   -4.7314   -4.6759   -4.6411   -4.6083   -4.4363   -4.3082   -4.2603   -4.2098   -4.1641   -4.1426   -4.1060   -4.0506   -3.9975   -3.9734   -3.9283   -3.8562   -3.8397   -3.7915   -3.6645   -3.5932   -3.5517   -3.5008   -3.3235   -3.0893   -2.8366   -2.7619   -2.4408   -2.1670   -2.0779   -1.3142   -1.1267   -0.8714   -0.6029   -0.1772    1.1507    2.6229    2.7284    2.9316    3.4057    3.9768    4.2399    4.4961    4.7052    5.1896    5.7968    5.8699
  0.4179  -13.1905  -12.8946  -12.7432  -12.6969   -6.2664   -6.1372   -6.0294   -5.8855   -5.8279   -5.7648   -5.6776   -5.4964   -5.3997   -5.3090   -5.2437   -5.1887   -5.1203   -5.0226   -4.9371   -4.8849   -4.8381   -4.8021   -4.7205   -4.6765   -4.6401   -4.6031   -4.4371   -4.3069   -4.2639   -4.2152   -4.1696   -4.1520   -4.1165   -4.0490   -4.0173   -3.9873   -3.9392   -3.8726   -3.8520   -3.8023   -3.6563   -3.6145   -3.5254   -3.5203   -3.3200   -3.1115   -2.9019   -2.7227   -2.4579   -2.2057   -2.1422   -1.2678   -1.1953   -0.8782   -0.6956   -0.2105    1.3311    2.4361    2.5886    3.0094    3.2884    3.8734    4.2107    4.5313    4.8189    5.3992    5.7002    5.7863
  0.4597  -13.1510  -12.8869  -12.7400  -12.6970   -6.2585   -6.1491   -6.0163   -5.9090   -5.8249   -5.7534   -5.6434   -5.4795   -5.4213   -5.3410   -5.2210   -5.1794   -5.1055   -5.0079   -4.9250   -4.8643   -4.8128   -4.7806   -4.7083   -4.6772   -4.6247   -4.5943   -4.4371   -4.3111   -4.2744   -4.2255   -4.1793   -4.1540   -4.1306   -4.0543   -4.0378   -3.9965   -3.9470   -3.8858   -3.8613   -3.8142   -3.6595   -3.6384   -3.5588   -3.4897   -3.3093   -3.1279   -2.9757   -2.6725   -2.4579   -2.3136   -2.1235   -1.3322   -1.1283   -0.8982   -0.7835   -0.2456    1.5058    2.2228    2.4352    2.9021    3.3284    3.7597    4.2028    4.5565    4.9817    5.4532    5.6362    5.9076
  0.5015  -13.1114  -12.8789  -12.7386  -12.6971   -6.2506   -6.1682   -6.0091   -5.9323   -5.8185   -5.7435   -5.5996   -5.4629   -5.4532   -5.3611   -5.2064   -5.1747   -5.0840   -4.9951   -4.9113   -4.8403   -4.7876   -4.7649   -4.6938   -4.6666   -4.6048   -4.5811   -4.4374   -4.3214   -4.2876   -4.2414   -4.2003   -4.1526   -4.1367   -4.0663   -4.0502   -4.0089   -3.9505   -3.8951   -3.8704   -3.8275   -3.6741   -3.6584   -3.6015   -3.4663   -3.2927   -3.1352   -3.0378   -2.6167   -2.4517   -2.4050   -2.1095   -1.3968   -1.0491   -0.9462   -0.8393   -0.2814    1.6703    2.0040    2.2917    2.7040    3.4131    3.6560    4.2110    4.6026    5.1461    5.3776    5.5765    6.2175
  0.5433  -13.0726  -12.8708  -12.7393  -12.6973   -6.2444   -6.1900   -6.0109   -5.9546   -5.8064   -5.7302   -5.5591   -5.4884   -5.4450   -5.3678   -5.1992   -5.1728   -5.0592   -4.9857   -4.8957   -4.8150   -4.7675   -4.7530   -4.6850   -4.6373   -4.5881   -4.5626   -4.4399   -4.3358   -4.3001   -4.2589   -4.2342   -4.1555   -4.1298   -4.0804   -4.0580   -4.0225   -3.9501   -3.9036   -3.8817   -3.8409   -3.6935   -3.6777   -3.6434   -3.4590   -3.2683   -3.1537   -3.0579   -2.5659   -2.4877   -2.4256   -2.1089   -1.4424   -1.0689   -0.9379   -0.8541   -0.3166    1.7751    1.8341    2.1638    2.5052    3.4503    3.5756    4.2419    4.6690    5.2756    5.2994    5.5474    6.5692
  0.5850  -13.0357  -12.8626  -12.7424  -12.6976   -6.2438   -6.2078   -6.0223   -5.9736   -5.7901   -5.7128   -5.5492   -5.4976   -5.4247   -5.3643   -5.1966   -5.1730   -5.0357   -4.9783   -4.8792   -4.7919   -4.7616   -4.7304   -4.6781   -4.6049   -4.5696   -4.5446   -4.4470   -4.3513   -4.3119   -4.2772   -4.2685   -4.1619   -4.1227   -4.0935   -4.0650   -4.0325   -3.9472   -3.9146   -3.8962   -3.8507   -3.7197   -3.6932   -3.6742   -3.4676   -3.2439   -3.1811   -3.0316   -2.5799   -2.4838   -2.4039   -2.1263   -1.4701   -1.1548   -0.9185   -0.8132   -0.3497    1.5960    1.8951    2.0939    2.3350    3.4253    3.5274    4.2934    4.7459    5.2056    5.3664    5.5818    6.9546
  0.6268  -13.0022  -12.8539  -12.7482  -12.6978   -6.2545   -6.2137   -6.0400   -5.9892   -5.7732   -5.6930   -5.5758   -5.4732   -5.4020   -5.3529   -5.1966   -5.1757   -5.0225   -4.9657   -4.8621   -4.7781   -4.7524   -4.7087   -4.6724   -4.5794   -4.5460   -4.5318   -4.4578   -4.3678   -4.3252   -4.3100   -4.2758   -4.1722   -4.1247   -4.1031   -4.0715   -4.0367   -3.9474   -3.9275   -3.9139   -3.8524   -3.7478   -3.7126   -3.6827   -3.4858   -3.2553   -3.1668   -2.9830   -2.6280   -2.4469   -2.3706   -2.1625   -1.4851   -1.2326   -0.9304   -0.7441   -0.3793    1.4318    1.8151    2.1207    2.2449    3.3734    3.4889    4.3528    4.8217    5.1352    5.3890    5.6714    7.3018
  0.6686  -12.9736  -12.8446  -12.7564  -12.6981   -6.2700   -6.2123   -6.0586   -6.0024   -5.7583   -5.6734   -5.6020   -5.4493   -5.3786   -5.3363   -5.1988   -5.1805   -5.0239   -4.9433   -4.8449   -4.7745   -4.7415   -4.6894   -4.6671   -4.5626   -4.5287   -4.5227   -4.4656   -4.3849   -4.3447   -4.3291   -4.2724   -4.1837   -4.1402   -4.1066   -4.0752   -4.0379   -3.9613   -3.9399   -3.9233   -3.8488   -3.7654   -3.7339   -3.6781   -3.5073   -3.2838   -3.1326   -2.9200   -2.6675   -2.4221   -2.3327   -2.2146   -1.4910   -1.2925   -0.9462   -0.6822   -0.4035    1.3010    1.6926    2.0619    2.3122    3.3219    3.4486    4.4077    4.8854    5.0780    5.4024    5.7645    7.2699
  0.7104  -12.9516  -12.8344  -12.7666  -12.6984   -6.2832   -6.2098   -6.0740   -6.0131   -5.7470   -5.6579   -5.6209   -5.4296   -5.3568   -5.3196   -5.2050   -5.1850   -5.0323   -4.9178   -4.8280   -4.7750   -4.7404   -4.6704   -4.6597   -4.5581   -4.5326   -4.5125   -4.4616   -4.3996   -4.3613   -4.3339   -4.2672   -4.1923   -4.1598   -4.1083   -4.0768   -4.0393   -3.9812   -3.9560   -3.9213   -3.8461   -3.7712   -3.7482   -3.6708   -3.5273   -3.3086   -3.1041   -2.8480   -2.6957   -2.4078   -2.3137   -2.2643   -1.4870   -1.3365   -0.9598   -0.6364   -0.4206    1.2082    1.5830    2.0020    2.4001    3.2771    3.4133    4.4503    4.9307    5.0357    5.4192    5.8388    7.2326
  0.7522  -12.9379  -12.8242  -12.7770  -12.6986   -6.2917   -6.2079   -6.0840   -6.0201   -5.7399   -5.6512   -5.6294   -5.4156   -5.3397   -5.3075   -5.2141   -5.1871   -5.0402   -4.8966   -4.8132   -4.7792   -4.7464   -4.6583   -4.6473   -4.5635   -4.5392   -4.5141   -4.4488   -4.4090   -4.3702   -4.3326   -4.2620   -4.2035   -4.1692   -4.1102   -4.0770   -4.0410   -3.9973   -3.9674   -3.9188   -3.8453   -3.7760   -3.7497   -3.6652   -3.5416   -3.3253   -3.0864   -2.7804   -2.7142   -2.4050   -2.3487   -2.2643   -1.4740   -1.3689   -0.9687   -0.6096   -0.4297    1.1542    1.5080    1.9661    2.4627    3.2441    3.3902    4.4768    4.9573    5.0091    5.4345    5.8861    7.2046
  0.7940  -12.9332  -12.8189  -12.7823  -12.6987   -6.2945   -6.2072   -6.0875   -6.0226   -5.7374   -5.6510   -5.6300   -5.4103   -5.3328   -5.3031   -5.2189   -5.1876   -5.0432   -4.8878   -4.8055   -4.7837   -4.7498   -4.6551   -4.6396   -4.5678   -4.5419   -4.5169   -4.4422   -4.4120   -4.3732   -4.3316   -4.2576   -4.2124   -4.1694   -4.1113   -4.0768   -4.0418   -4.0036   -3.9714   -3.9179   -3.8451   -3.7790   -3.7476   -3.6632   -3.5468   -3.3312   -3.0804   -2.7454   -2.7251   -2.4118   -2.3655   -2.2593   -1.4647   -1.3838   -0.9718   -0.6011   -0.4323    1.1367    1.4813    1.9543    2.4855    3.2316    3.3823    4.4858    4.9665    4.9994    5.4406    5.9024    7.1967
  0.7940  -13.1886  -13.0728  -12.8409  -12.7611   -6.3385   -6.3221   -6.0237   -6.0005   -5.8150   -5.7642   -5.7295   -5.6503   -5.5406   -5.4645   -5.3561   -5.3384   -5.1403   -5.0978   -5.0841   -4.9762   -4.8322   -4.7570   -4.6548   -4.6237   -4.4863   -4.4067   -4.3404   -4.3097   -4.2960   -4.2045   -4.1865   -4.1406   -4.1110   -4.0343   -3.9725   -3.9277   -3.8612   -3.8192   -3.7909   -3.7241   -3.6774   -3.5581   -3.5325   -3.5224   -3.4632   -3.4212   -2.6724   -2.5508   -1.4292   -1.3646   -1.0993   -1.0117   -0.8902   -0.6008   -0.2421   -0.1446    1.0332    1.2021    1.4835    1.5068    4.4344    4.5157    4.5853    4.8282    5.2038    5.4318    5.8499    6.0440
  0.8185  -13.1934  -13.0680  -12.8415  -12.7604   -6.3375   -6.3212   -6.0438   -5.9794   -5.8196   -5.7666   -5.7276   -5.6493   -5.5382   -5.4623   -5.3573   -5.3376   -5.1420   -5.1003   -5.0797   -4.9740   -4.8311   -4.7571   -4.6570   -4.6223   -4.4882   -4.4081   -4.3393   -4.3159   -4.2903   -4.2061   -4.1852   -4.1474   -4.1048   -4.0333   -3.9728   -3.9298   -3.8715   -3.8125   -3.7882   -3.7241   -3.6755   -3.5607   -3.5398   -3.5134   -3.4628   -3.4176   -2.7002   -2.5227   -1.4564   -1.3504   -1.1016   -1.0185   -0.8832   -0.5983   -0.2403   -0.1444    1.0207    1.2145    1.4492    1.5457    4.4344    4.5125    4.5941    4.8340    5.2039    5.4309    5.8527    6.0375
  0.8430  -13.2058  -13.0557  -12.8431  -12.7583   -6.3347   -6.3185   -6.0706   -5.9493   -5.8313   -5.7748   -5.7217   -5.6469   -5.5314   -5.4563   -5.3599   -5.3359   -5.1467   -5.1045   -5.0697   -4.9677   -4.8280   -4.7574   -4.6622   -4.6198   -4.4929   -4.4121   -4.3367   -4.3257   -4.2822   -4.2108   -4.1850   -4.1560   -4.0948   -4.0314   -3.9728   -3.9357   -3.8904   -3.8041   -3.7796   -3.7241   -3.6702   -3.5697   -3.5456   -3.5010   -3.4609   -3.4077   -2.7535   -2.4686   -1.5087   -1.3380   -1.1116   -1.0300   -0.8668   -0.5910   -0.2351   -0.1439    0.9913    1.2417    1.4111    1.5996    4.4332    4.5079    4.6148    4.8523    5.2042    5.4281    5.8606    6.0344
  0.8674  -13.2226  -13.0391  -12.8456  -12.7550   -6.3301   -6.3140   -6.0962   -5.9189   -5.8467   -5.7881   -5.7132   -5.6443   -5.5211   -5.4481   -5.3625   -5.3337   -5.1537   -5.1085   -5.0560   -4.9579   -4.8231   -4.7584   -4.6686   -4.6196   -4.4979   -4.4177   -4.3387   -4.3301   -4.2765   -4.2192   -4.1917   -4.1540   -4.0869   -4.0320   -3.9707   -3.9452   -3.9068   -3.8001   -3.7683   -3.7232   -3.6624   -3.5835   -3.5478   -3.4893   -3.4559   -3.3932   -2.8119   -2.4091   -1.5686   -1.3440   -1.1359   -1.0321   -0.8471   -0.5798   -0.2269   -0.1429    0.9548    1.2694    1.3816    1.6611    4.4269    4.5085    4.6394    4.8850    5.2057    5.4239    5.8719    6.0310
  0.8919  -13.2414  -13.0209  -12.8483  -12.7510   -6.3237   -6.3079   -6.1195   -5.8924   -5.8607   -5.8042   -5.7040   -5.6418   -5.5087   -5.4400   -5.3632   -5.3308   -5.1622   -5.1115   -5.0389   -4.9452   -4.8168   -4.7604   -4.6750   -4.6243   -4.5008   -4.4239   -4.3479   -4.3270   -4.2749   -4.2324   -4.1996   -4.1449   -4.0821   -4.0375   -3.9683   -3.9533   -3.9164   -3.7994   -3.7580   -3.7212   -3.6536   -3.5985   -3.5491   -3.4785   -3.4474   -3.3752   -2.8708   -2.3496   -1.6313   -1.3693   -1.1737   -1.0240   -0.8266   -0.5657   -0.2163   -0.1410    0.9131    1.2900    1.3664    1.7308    4.4118    4.5165    4.6638    4.9305    5.2117    5.4187    5.8841    6.0314
  0.9164  -13.2608  -13.0024  -12.8510  -12.7463   -6.3159   -6.3005   -6.1403   -5.8922   -5.8509   -5.8208   -5.6952   -5.6390   -5.4964   -5.4347   -5.3602   -5.3266   -5.1713   -5.1130   -5.0189   -4.9306   -4.8097   -4.7640   -4.6806   -4.6347   -4.5010   -4.4295   -4.3568   -4.3247   -4.2777   -4.2485   -4.2056   -4.1348   -4.0805   -4.0467   -3.9759   -3.9474   -3.9197   -3.8007   -3.7500   -3.7180   -3.6453   -3.6128   -3.5504   -3.4679   -3.4365   -3.3546   -2.9287   -2.2926   -1.6941   -1.4099   -1.2192   -1.0129   -0.8062   -0.5497   -0.2041   -0.1376    0.8641    1.3040    1.3677    1.8084    4.3865    4.5301    4.6878    4.9796    5.2305    5.4128    5.8926    6.0400
  0.9409  -13.2802  -12.9848  -12.8530  -12.7414   -6.3070   -6.2918   -6.1580   -5.9096   -5.8435   -5.8192   -5.6875   -5.6358   -5.4858   -5.4342   -5.3525   -5.3199   -5.1804   -5.1129   -4.9968   -4.9149   -4.8024   -4.7686   -4.6849   -4.6498   -4.5006   -4.4334   -4.3644   -4.3253   -4.2842   -4.2638   -4.2119   -4.1274   -4.0808   -4.0554   -3.9836   -3.9377   -3.9172   -3.8034   -3.7444   -3.7140   -3.6408   -3.6222   -3.5520   -3.4566   -3.4243   -3.3322   -2.9848   -2.2409   -1.7548   -1.4606   -1.2692   -1.0035   -0.7860   -0.5329   -0.1911   -0.1323    0.8061    1.3157    1.3847    1.8922    4.3503    4.5458    4.7128    5.0148    5.2764    5.4072    5.8906    6.0616
  0.9654  -13.2991  -12.9691  -12.8537  -12.7363   -6.2976   -6.2820   -6.1723   -5.9284   -5.8595   -5.7935   -5.6811   -5.6322   -5.4784   -5.4378   -5.3410   -5.3101   -5.1886   -5.1109   -4.9742   -4.8994   -4.7973   -4.7714   -4.6874   -4.6673   -4.5029   -4.4349   -4.3705   -4.3301   -4.2939   -4.2743   -4.2211   -4.1255   -4.0807   -4.0605   -3.9872   -3.9314   -3.9086   -3.8066   -3.7405   -3.7101   -3.6464   -3.6199   -3.5540   -3.4444   -3.4115   -3.3093   -3.0384   -2.1983   -1.8112   -1.5160   -1.3217   -0.9976   -0.7662   -0.5162   -0.1780   -0.1244    0.7389    1.3225    1.4213    1.9803    4.3028    4.5613    4.7389    5.0261    5.3507    5.4083    5.8805    6.0974
  0.9899  -13.3172  -12.9559  -12.8524  -12.7313   -6.2888   -6.2712   -6.1825   -5.9469   -5.8761   -5.7678   -5.6759   -5.6286   -5.4748   -5.4440   -5.3272   -5.2976   -5.1952   -5.1073   -4.9537   -4.8852   -4.7980   -4.7664   -4.6899   -4.6830   -4.5099   -4.4347   -4.3753   -4.3381   -4.3065   -4.2782   -4.2334   -4.1282   -4.0806   -4.0610   -3.9868   -3.9275   -3.8974   -3.8094   -3.7382   -3.7067   -3.6548   -3.6121   -3.5563   -3.4320   -3.3976   -3.2874   -3.0884   -2.1708   -1.8610   -1.5695   -1.3757   -0.9954   -0.7468   -0.5003   -0.1650   -0.1141    0.6642    1.3222    1.4796    2.0706    4.2436    4.5749    4.7643    5.0205    5.3801    5.4814    5.8647    6.1489
  1.0143  -13.3343  -12.9460  -12.8486  -12.7264   -6.2816   -6.2596   -6.1881   -5.9641   -5.8916   -5.7439   -5.6716   -5.6257   -5.4748   -5.4512   -5.3123   -5.2836   -5.1993   -5.1026   -4.9399   -4.8729   -4.8011   -4.7542   -4.7044   -4.6826   -4.5215   -4.4355   -4.3789   -4.3464   -4.3204   -4.2780   -4.2469   -4.1323   -4.0832   -4.0580   -3.9830   -3.9239   -3.8871   -3.8111   -3.7372   -3.7041   -3.6610   -3.6031   -3.5586   -3.4205   -3.3816   -3.2687   -3.1332   -2.1657   -1.9025   -1.6128   -1.4300   -0.9961   -0.7279   -0.4856   -0.1524   -0.1016    0.5841    1.3168    1.5560    2.1615    4.1730    4.5858    4.7846    5.0092    5.3751    5.6039    5.8492    6.2087
  1.0388  -13.3502  -12.9396  -12.8424  -12.7217   -6.2766   -6.2478   -6.1889   -5.9795   -5.9056   -5.7222   -5.6681   -5.6241   -5.4781   -5.4576   -5.2980   -5.2689   -5.2000   -5.0971   -4.9379   -4.8617   -4.8011   -4.7389   -4.7189   -4.6745   -4.5365   -4.4395   -4.3814   -4.3538   -4.3338   -4.2777   -4.2572   -4.1367   -4.0884   -4.0543   -3.9763   -3.9201   -3.8794   -3.8109   -3.7376   -3.7021   -3.6644   -3.5939   -3.5597   -3.4108   -3.3632   -3.2570   -3.1688   -2.1878   -1.9375   -1.6380   -1.4834   -0.9990   -0.7091   -0.4721   -0.1400   -0.0879    0.5007    1.3084    1.6467    2.2514    4.0916    4.5929    4.7943    5.0014    5.3675    5.7267    5.8398    6.2781
  1.0633  -13.3647  -12.9361  -12.8343  -12.7174   -6.2737   -6.2364   -6.1855   -5.9925   -5.9179   -5.7031   -5.6651   -5.6239   -5.4844   -5.4621   -5.2861   -5.2536   -5.1968   -5.0915   -4.9480   -4.8525   -4.7977   -4.7318   -4.7208   -4.6599   -4.5531   -4.4469   -4.3845   -4.3615   -4.3444   -4.2815   -4.2586   -4.1413   -4.0956   -4.0516   -3.9676   -3.9162   -3.8743   -3.8086   -3.7392   -3.7005   -3.6655   -3.5872   -3.5567   -3.4032   -3.3444   -3.2577   -3.1874   -2.2344   -1.9695   -1.6438   -1.5338   -1.0031   -0.6903   -0.4598   -0.1282   -0.0737    0.4159    1.2984    1.7485    2.3387    4.0007    4.5943    4.7908    5.0030    5.3595    5.7732    5.9115    6.3782
  1.0878  -13.3778  -12.9347  -12.8251  -12.7134   -6.2722   -6.2259   -6.1797   -6.0023   -5.9283   -5.6871   -5.6629   -5.6244   -5.4927   -5.4645   -5.2777   -5.2381   -5.1896   -5.0866   -4.9660   -4.8481   -4.7949   -4.7324   -4.7084   -4.6400   -4.5684   -4.4559   -4.3914   -4.3697   -4.3508   -4.2863   -4.2538   -4.1464   -4.1044   -4.0502   -3.9581   -3.9124   -3.8711   -3.8044   -3.7417   -3.6990   -3.6650   -3.5863   -3.5463   -3.3973   -3.3346   -3.2606   -3.1897   -2.2994   -1.9987   -1.6430   -1.5722   -1.0077   -0.6711   -0.4480   -0.1174   -0.0599    0.3316    1.2879    1.8587    2.4219    3.9018    4.5873    4.7785    5.0130    5.3518    5.7606    6.0370    6.4548
  1.1123  -13.3893  -12.9347  -12.8159  -12.7099   -6.2713   -6.2166   -6.1736   -6.0083   -5.9368   -5.6754   -5.6617   -5.6239   -5.5017   -5.4657   -5.2719   -5.2241   -5.1783   -5.0828   -4.9872   -4.8510   -4.7947   -4.7238   -4.6969   -4.6241   -4.5740   -4.4649   -4.4034   -4.3768   -4.3543   -4.2884   -4.2476   -4.1524   -4.1142   -4.0497   -3.9491   -3.9086   -3.8688   -3.7990   -3.7444   -3.6978   -3.6636   -3.5894   -3.5308   -3.3932   -3.3442   -3.2434   -3.1868   -2.3768   -2.0225   -1.6659   -1.5755   -1.0122   -0.6513   -0.4360   -0.1088   -0.0470    0.2499    1.2776    1.9746    2.4995    3.7969    4.5695    4.7659    5.0272    5.3446    5.7423    6.1553    6.5141
  1.1368  -13.3992  -12.9354  -12.8073  -12.7068   -6.2704   -6.2086   -6.1691   -6.0101   -5.9436   -5.6693   -5.6614   -5.6202   -5.5106   -5.4661   -5.2674   -5.2132   -5.1638   -5.0806   -5.0079   -4.8620   -4.7936   -4.7099   -4.6863   -4.6248   -4.5590   -4.4731   -4.4182   -4.3830   -4.3567   -4.2876   -4.2419   -4.1594   -4.1239   -4.0499   -3.9418   -3.9049   -3.8662   -3.7929   -3.7469   -3.6970   -3.6617   -3.5941   -3.5140   -3.3914   -3.3607   -3.2145   -3.1806   -2.4616   -2.0390   -1.7066   -1.5549   -1.0163   -0.6312   -0.4229   -0.1040   -0.0354    0.1734    1.2681    2.0934    2.5695    3.6887    4.5416    4.7580    5.0417    5.3379    5.7246    6.2529    6.5234
  1.1613  -13.4074  -12.9363  -12.7998  -12.7042   -6.2692   -6.2019   -6.1669   -6.0079   -5.9489   -5.6694   -5.6609   -5.6135   -5.5189   -5.4663   -5.2633   -5.2057   -5.1482   -5.0806   -5.0239   -4.8797   -4.7895   -4.6968   -4.6778   -4.6301   -4.5343   -4.4800   -4.4335   -4.3895   -4.3574   -4.2848   -4.2382   -4.1675   -4.1321   -4.0505   -3.9368   -3.9015   -3.8628   -3.7866   -3.7492   -3.6966   -3.6595   -3.5991   -3.4997   -3.3930   -3.3712   -3.2021   -3.1517   -2.5499   -2.0481   -1.7483   -1.5305   -1.0197   -0.6115   -0.4072   -0.1063   -0.0255    0.1064    1.2598    2.2119    2.6294    3.5807    4.5080    4.7550    5.0548    5.3320    5.7092    6.3299    6.5359
  1.1857  -13.4138  -12.9373  -12.7937  -12.7022   -6.2679   -6.1965   -6.1670   -6.0028   -5.9532   -5.6726   -5.6605   -5.6055   -5.5263   -5.4664   -5.2593   -5.2010   -5.1352   -5.0836   -5.0305   -4.9014   -4.7834   -4.6899   -4.6730   -4.6275   -4.5106   -4.4855   -4.4477   -4.3973   -4.3552   -4.2814   -4.2375   -4.1756   -4.1379   -4.0513   -3.9339   -3.8987   -3.8589   -3.7807   -3.7509   -3.6965   -3.6573   -3.6037   -3.4913   -3.3948   -3.3736   -3.2056   -3.1022   -2.6384   -2.0506   -1.7860   -1.5085   -1.0223   -0.5937   -0.3876   -0.1206   -0.0176    0.0554    1.2532    2.3257    2.6763    3.4781    4.4748    4.7550    5.0654    5.3269    5.6967    6.3884    6.5494
  1.2102  -13.4184  -12.9380  -12.7892  -12.7007   -6.2666   -6.1924   -6.1684   -5.9966   -5.9567   -5.6761   -5.6606   -5.5982   -5.5323   -5.4665   -5.2555   -5.1984   -5.1282   -5.0880   -5.0254   -4.9245   -4.7768   -4.6922   -4.6679   -4.6180   -4.4959   -4.4857   -4.4588   -4.4062   -4.3498   -4.2789   -4.2398   -4.1824   -4.1413   -4.0521   -3.9325   -3.8967   -3.8553   -3.7759   -3.7520   -3.6965   -3.6553   -3.6074   -3.4898   -3.3919   -3.3727   -3.2127   -3.0443   -2.7244   -2.0486   -1.8168   -1.4916   -1.0240   -0.5794   -0.3638   -0.1491   -0.0119    0.0252    1.2482    2.4278    2.7070    3.3891    4.4470    4.7561    5.0732    5.3228    5.6875    6.4295    6.5582
  1.2347  -13.4212  -12.9386  -12.7864  -12.6998   -6.2657   -6.1897   -6.1701   -5.9913   -5.9595   -5.6785   -5.6609   -5.5931   -5.5364   -5.4667   -5.2527   -5.1971   -5.1269   -5.0907   -5.0131   -4.9459   -4.7716   -4.6972   -4.6635   -4.6088   -4.4974   -4.4773   -4.4630   -4.4146   -4.3435   -4.2781   -4.2431   -4.1865   -4.1429   -4.0527   -3.9320   -3.8955   -3.8527   -3.7727   -3.7526   -3.6966   -3.6540   -3.6098   -3.4915   -3.3874   -3.3707   -3.2192   -2.9827   -2.8031   -2.0452   -1.8375   -1.4810   -1.0250   -0.5703   -0.3390   -0.1824   -0.0087    0.0120    1.2452    2.5051    2.7199    3.3259    4.4286    4.7571    5.0780    5.3202    5.6819    6.4542    6.5632
  1.2592  -13.4221  -12.9387  -12.7855  -12.6995   -6.2653   -6.1886   -6.1708   -5.9892   -5.9606   -5.6794   -5.6611   -5.5912   -5.5379   -5.4667   -5.2516   -5.1968   -5.1272   -5.0913   -5.0049   -4.9568   -4.7696   -4.6994   -4.6619   -4.6050   -4.4990   -4.4760   -4.4612   -4.4184   -4.3406   -4.2782   -4.2446   -4.1879   -4.1434   -4.0530   -3.9319   -3.8951   -3.8518   -3.7717   -3.7528   -3.6967   -3.6535   -3.6106   -3.4926   -3.3856   -3.3696   -3.2218   -2.9419   -2.8498   -2.0435   -1.8449   -1.4774   -1.0254   -0.5672   -0.3263   -0.1989   -0.0078    0.0087    1.2442    2.5360    2.7216    3.3026    4.4222    4.7576    5.0797    5.3193    5.6801    6.4625    6.5658
  1.2592  -13.4221  -12.9387  -12.7855  -12.6995   -6.2653   -6.1886   -6.1708   -5.9892   -5.9606   -5.6794   -5.6611   -5.5912   -5.5379   -5.4667   -5.2516   -5.1968   -5.1272   -5.0913   -5.0049   -4.9568   -4.7696   -4.6994   -4.6619   -4.6050   -4.4990   -4.4760   -4.4612   -4.4184   -4.3406   -4.2782   -4.2446   -4.1879   -4.1434   -4.0530   -3.9319   -3.8951   -3.8518   -3.7717   -3.7528   -3.6967   -3.6535   -3.6106   -3.4926   -3.3856   -3.3696   -3.2218   -2.9419   -2.8498   -2.0435   -1.8449   -1.4774   -1.0254   -0.5672   -0.3263   -0.1989   -0.0078    0.0087    1.2442    2.5360    2.7216    3.3026    4.4222    4.7576    5.0797    5.3193    5.6801    6.4625    6.5654
  1.2805  -13.4214  -12.9398  -12.7854  -12.6994   -6.2655   -6.1883   -6.1704   -5.9925   -5.9577   -5.6892   -5.6576   -5.5853   -5.5372   -5.4640   -5.2517   -5.1966   -5.1272   -5.0914   -5.0046   -4.9564   -4.7713   -4.7036   -4.6596   -4.6031   -4.5042   -4.4786   -4.4588   -4.4148   -4.3379   -4.2799   -4.2457   -4.1886   -4.1444   -4.0488   -3.9325   -3.8983   -3.8507   -3.7726   -3.7529   -3.6964   -3.6545   -3.6146   -3.4874   -3.3857   -3.3677   -3.2231   -2.9428   -2.8480   -2.0451   -1.8427   -1.4731   -1.0310   -0.5689   -0.3276   -0.2236   -0.0091    0.0344    1.2530    2.5217    2.7335    3.3055    4.4245    4.7570    5.0776    5.3179    5.6771    6.4655    6.5662
  1.3018  -13.4194  -12.9428  -12.7852  -12.6990   -6.2659   -6.1877   -6.1689   -5.9997   -5.9514   -5.7079   -5.6549   -5.5701   -5.5357   -5.4559   -5.2519   -5.1961   -5.1271   -5.0917   -5.0038   -4.9550   -4.7761   -4.7140   -4.6544   -4.5982   -4.5169   -4.4825   -4.4561   -4.4060   -4.3303   -4.2843   -4.2482   -4.1908   -4.1470   -4.0378   -3.9344   -3.9065   -3.8491   -3.7755   -3.7535   -3.6958   -3.6583   -3.6217   -3.4756   -3.3863   -3.3618   -3.2268   -2.9457   -2.8424   -2.0498   -1.8361   -1.4608   -1.0473   -0.5745   -0.3326   -0.2758   -0.0112    0.0900    1.2788    2.4860    2.7622    3.3144    4.4315    4.7553    5.0716    5.3135    5.6684    6.4725    6.5690
  1.3231  -13.4160  -12.9478  -12.7848  -12.6984   -6.2667   -6.1877   -6.1657   -6.0074   -5.9445   -5.7293   -5.6545   -5.5509   -5.5335   -5.4424   -5.2525   -5.1952   -5.1270   -5.0921   -5.0027   -4.9525   -4.7839   -4.7269   -4.6486   -4.5928   -4.5317   -4.4863   -4.4552   -4.3965   -4.3196   -4.2896   -4.2505   -4.1940   -4.1501   -4.0223   -3.9385   -3.9164   -3.8495   -3.7804   -3.7557   -3.6956   -3.6644   -3.6247   -3.4635   -3.3873   -3.3509   -3.2330   -2.9505   -2.8324   -2.0577   -1.8253   -1.4419   -1.0725   -0.5857   -0.3549   -0.3197   -0.0144    0.1557    1.3204    2.4387    2.7978    3.3291    4.4427    4.7520    5.0623    5.3061    5.6542    6.4825    6.5736
  1.3445  -13.4112  -12.9548  -12.7842  -12.6978   -6.2679   -6.1890   -6.1606   -6.0137   -5.9377   -5.7512   -5.6557   -5.5374   -5.5240   -5.4243   -5.2533   -5.1939   -5.1268   -5.0927   -5.0015   -4.9486   -4.7944   -4.7404   -4.6431   -4.5902   -4.5448   -4.4896   -4.4555   -4.3906   -4.3090   -4.2922   -4.2505   -4.1975   -4.1530   -4.0049   -3.9461   -3.9251   -3.8537   -3.7868   -3.7603   -3.6966   -3.6681   -3.6221   -3.4547   -3.3889   -3.3355   -3.2414   -2.9571   -2.8172   -2.0691   -1.8109   -1.4188   -1.1032   -0.6064   -0.4055   -0.3328   -0.0189    0.2245    1.3762    2.3847    2.8354    3.3494    4.4579    4.7469    5.0506    5.2957    5.6351    6.4925    6.5835
  1.3658  -13.4052  -12.9636  -12.7831  -12.6971   -6.2696   -6.1917   -6.1538   -6.0174   -5.9313   -5.7728   -5.6577   -5.5358   -5.5026   -5.4026   -5.2547   -5.1920   -5.1263   -5.0934   -5.0005   -4.9433   -4.8073   -4.7530   -4.6387   -4.5936   -4.5535   -4.4917   -4.4566   -4.3915   -4.3015   -4.2898   -4.2453   -4.2006   -4.1554   -3.9878   -3.9572   -3.9318   -3.8625   -3.7944   -3.7662   -3.6986   -3.6674   -3.6149   -3.4498   -3.3909   -3.3178   -3.2508   -2.9653   -2.7965   -2.0844   -1.7932   -1.3963   -1.1342   -0.6412   -0.4497   -0.3412   -0.0248    0.2944    1.4440    2.3260    2.8729    3.3752    4.4762    4.7393    5.0374    5.2824    5.6116    6.4984    6.5949
  1.3871  -13.3979  -12.9741  -12.7817  -12.6967   -6.2721   -6.1958   -6.1458   -6.0180   -5.9249   -5.7935   -5.6607   -5.5362   -5.4799   -5.3786   -5.2565   -5.1895   -5.1255   -5.0943   -4.9997   -4.9366   -4.8216   -4.7641   -4.6366   -4.6021   -4.5586   -4.4929   -4.4578   -4.3983   -4.3004   -4.2814   -4.2339   -4.2026   -4.1565   -3.9762   -3.9674   -3.9382   -3.8742   -3.8026   -3.7712   -3.7005   -3.6641   -3.6038   -3.4478   -3.3933   -3.3036   -3.2573   -2.9747   -2.7698   -2.1042   -1.7728   -1.3820   -1.1576   -0.6910   -0.4793   -0.3500   -0.0322    0.3643    1.5218    2.2636    2.9093    3.4062    4.4965    4.7288    5.0240    5.2665    5.5845    6.4897    6.5961
  1.4084  -13.3893  -12.9862  -12.7799  -12.6964   -6.2753   -6.2011   -6.1366   -6.0155   -5.9181   -5.8127   -5.6648   -5.5371   -5.4577   -5.3538   -5.2587   -5.1866   -5.1244   -5.0950   -4.9992   -4.9291   -4.8361   -4.7734   -4.6390   -4.6107   -4.5634   -4.4955   -4.4578   -4.4073   -4.3054   -4.2685   -4.2194   -4.2032   -4.1552   -3.9862   -3.9637   -3.9448   -3.8842   -3.8108   -3.7740   -3.7022   -3.6601   -3.5891   -3.4478   -3.3961   -3.3026   -3.2520   -2.9850   -2.7372   -2.1293   -1.7504   -1.3850   -1.1647   -0.7493   -0.4971   -0.3596   -0.0412    0.4340    1.6076    2.1980    2.9434    3.4424    4.5172    4.7156    5.0107    5.2490    5.5543    6.4657    6.5887
  1.4297  -13.3796  -12.9997  -12.7776  -12.6965   -6.2793   -6.2075   -6.1262   -6.0106   -5.9102   -5.8301   -5.6702   -5.5383   -5.4367   -5.3297   -5.2610   -5.1834   -5.1228   -5.0954   -4.9990   -4.9216   -4.8490   -4.7810   -4.6474   -4.6162   -4.5686   -4.5027   -4.4558   -4.4147   -4.3127   -4.2553   -4.2066   -4.2006   -4.1499   -4.0003   -3.9716   -3.9471   -3.8870   -3.8189   -3.7744   -3.7039   -3.6560   -3.5715   -3.4489   -3.3991   -3.3135   -3.2360   -2.9960   -2.6991   -2.1603   -1.7266   -1.4071   -1.1563   -0.8069   -0.5079   -0.3698   -0.0518    0.5033    1.6997    2.1298    2.9746    3.4835    4.5357    4.7012    4.9975    5.2316    5.5217    6.3871    6.5937
  1.4510  -13.3687  -13.0145  -12.7749  -12.6970   -6.2839   -6.2145   -6.1147   -6.0044   -5.9009   -5.8451   -5.6772   -5.5396   -5.4175   -5.3086   -5.2620   -5.1804   -5.1209   -5.0950   -4.9993   -4.9154   -4.8583   -4.7869   -4.6598   -4.6201   -4.5737   -4.5155   -4.4532   -4.4185   -4.3201   -4.2448   -4.2045   -4.1878   -4.1400   -4.0152   -3.9892   -3.9483   -3.8830   -3.8264   -3.7727   -3.7056   -3.6521   -3.5523   -3.4507   -3.4024   -3.3275   -3.2173   -3.0073   -2.6564   -2.1974   -1.7020   -1.4410   -1.1458   -0.8533   -0.5149   -0.3803   -0.0642    0.5724    1.7964    2.0592    3.0016    3.5295    4.5478    4.6886    4.9827    5.2167    5.4879    6.3034    6.4922
  1.4724  -13.3567  -13.0303  -12.7719  -12.6978   -6.2888   -6.2221   -6.1021   -5.9981   -5.8906   -5.8565   -5.6860   -5.5408   -5.4007   -5.2946   -5.2582   -5.1777   -5.1184   -5.0935   -5.0000   -4.9115   -4.8626   -4.7913   -4.6737   -4.6240   -4.5781   -4.5324   -4.4520   -4.4184   -4.3256   -4.2380   -4.2046   -4.1734   -4.1270   -4.0315   -4.0073   -3.9508   -3.8764   -3.8331   -3.7691   -3.7072   -3.6484   -3.5330   -3.4529   -3.4060   -3.3400   -3.1982   -3.0189   -2.6105   -2.2402   -1.6772   -1.4799   -1.1499   -0.8764   -0.5194   -0.3905   -0.0784    0.6412    1.8962    1.9867    3.0234    3.5802    4.5487    4.6818    4.9644    5.2071    5.4541    6.1585    6.3708
  1.4937  -13.3438  -13.0470  -12.7685  -12.6991   -6.2938   -6.2299   -6.0886   -5.9923   -5.8840   -5.8592   -5.6964   -5.5422   -5.3870   -5.2910   -5.2470   -5.1753   -5.1157   -5.0906   -5.0012   -4.9093   -4.8622   -4.7943   -4.6883   -4.6283   -4.5816   -4.5516   -4.4530   -4.4161   -4.3282   -4.2359   -4.2032   -4.1611   -4.1139   -4.0485   -4.0213   -3.9538   -3.8703   -3.8385   -3.7640   -3.7084   -3.6449   -3.5167   -3.4550   -3.4098   -3.3472   -3.1792   -3.0304   -2.5647   -2.2859   -1.6530   -1.5205   -1.1763   -0.8715   -0.5224   -0.3997   -0.0945    0.7101    1.9118    1.9987    3.0385    3.6356    4.5374    4.6805    4.9417    5.2048    5.4225    6.0423    6.2683
  1.5150  -13.3299  -13.0644  -12.7649  -12.7007   -6.2984   -6.2377   -6.0750   -5.9869   -5.8870   -5.8476   -5.7080   -5.5441   -5.3772   -5.2927   -5.2335   -5.1730   -5.1127   -5.0864   -5.0025   -4.9071   -4.8594   -4.7961   -4.7028   -4.6330   -4.5852   -4.5699   -4.4559   -4.4128   -4.3274   -4.2387   -4.1992   -4.1541   -4.1039   -4.0615   -4.0307   -3.9567   -3.8664   -3.8414   -3.7580   -3.7089   -3.6416   -3.5079   -3.4559   -3.4140   -3.3451   -3.1602   -3.0417   -2.5273   -2.3260   -1.6310   -1.5613   -1.2170   -0.8472   -0.5244   -0.4067   -0.1125    0.7791    1.8362    2.1012    3.0457    3.6953    4.5183    4.6778    4.9163    5.2093    5.3961    5.9343    6.1757
  1.5363  -13.3153  -13.0823  -12.7611  -12.7027   -6.3025   -6.2455   -6.0620   -5.9812   -5.8927   -5.8304   -5.7201   -5.5468   -5.3720   -5.2956   -5.2216   -5.1700   -5.1097   -5.0813   -5.0034   -4.9034   -4.8564   -4.7969   -4.7168   -4.6389   -4.5965   -4.5774   -4.4606   -4.4090   -4.3236   -4.2454   -4.1939   -4.1539   -4.1009   -4.0645   -4.0357   -3.9592   -3.8656   -3.8412   -3.7520   -3.7084   -3.6384   -3.5095   -3.4548   -3.4182   -3.3312   -3.1411   -3.0520   -2.5198   -2.3382   -1.6254   -1.5896   -1.2614   -0.8149   -0.5264   -0.4100   -0.1324    0.8485    1.7596    2.2035    3.0435    3.7589    4.4962    4.6657    4.8918    5.2177    5.3797    5.8360    6.0858
  1.5576  -13.3000  -13.1004  -12.7573  -12.7050   -6.3058   -6.2528   -6.0510   -5.9737   -5.8977   -5.8135   -5.7306   -5.5509   -5.3712   -5.2979   -5.2126   -5.1659   -5.1067   -5.0758   -5.0034   -4.8981   -4.8543   -4.7973   -4.7298   -4.6475   -4.6113   -4.5755   -4.4665   -4.4044   -4.3184   -4.2549   -4.1911   -4.1564   -4.1031   -4.0616   -4.0361   -3.9611   -3.8668   -3.8386   -3.7467   -3.7065   -3.6353   -3.5191   -3.4529   -3.4222   -3.3073   -3.1230   -3.0592   -2.5556   -2.3084   -1.6656   -1.5778   -1.3026   -0.7817   -0.5290   -0.4081   -0.1541    0.9184    1.6824    2.3041    3.0310    3.8258    4.4740    4.6396    4.8714    5.2263    5.3785    5.7498    5.9987
  1.5789  -13.2844  -13.1184  -12.7536  -12.7075   -6.3082   -6.2596   -6.0428   -5.9636   -5.9016   -5.8030   -5.7347   -5.5567   -5.3738   -5.2994   -5.2063   -5.1612   -5.1039   -5.0706   -5.0024   -4.8914   -4.8533   -4.7979   -4.7411   -4.6600   -4.6215   -4.5705   -4.4727   -4.3987   -4.3131   -4.2659   -4.1950   -4.1540   -4.1067   -4.0603   -4.0322   -3.9622   -3.8685   -3.8350   -3.7427   -3.7033   -3.6321   -3.5324   -3.4513   -3.4260   -3.2777   -3.1117   -3.0561   -2.6145   -2.2556   -1.7190   -1.5597   -1.3373   -0.7517   -0.5329   -0.3998   -0.1775    0.9889    1.6051    2.4016    3.0079    3.8950    4.4519    4.6019    4.8546    5.2338    5.3942    5.6765    5.9148
  1.6003  -13.2688  -13.1359  -12.7501  -12.7099   -6.3098   -6.2655   -6.0377   -5.9512   -5.9046   -5.8039   -5.7280   -5.5643   -5.3781   -5.3002   -5.2020   -5.1564   -5.1014   -5.0663   -5.0005   -4.8843   -4.8531   -4.7991   -4.7502   -4.6743   -4.6274   -4.5641   -4.4787   -4.3920   -4.3105   -4.2761   -4.2027   -4.1469   -4.1101   -4.0622   -4.0267   -3.9627   -3.8697   -3.8314   -3.7401   -3.6994   -3.6286   -3.5466   -3.4498   -3.4295   -3.2468   -3.1136   -3.0344   -2.6811   -2.1941   -1.7782   -1.5430   -1.3647   -0.7270   -0.5377   -0.3854   -0.2019    1.0598    1.5283    2.4939    2.9745    3.9648    4.4268    4.5611    4.8398    5.2419    5.4227    5.6182    5.8345
  1.6216  -13.2541  -13.1520  -12.7472  -12.7121   -6.3106   -6.2702   -6.0348   -5.9379   -5.9070   -5.8125   -5.7148   -5.5728   -5.3823   -5.3007   -5.1992   -5.1526   -5.0995   -5.0630   -4.9984   -4.8777   -4.8530   -4.8010   -4.7568   -4.6870   -4.6306   -4.5578   -4.4836   -4.3846   -4.3138   -4.2815   -4.2099   -4.1391   -4.1125   -4.0657   -4.0221   -3.9627   -3.8704   -3.8283   -3.7386   -3.6957   -3.6247   -3.5596   -3.4483   -3.4326   -3.2183   -3.1234   -2.9983   -2.7487   -2.1293   -1.8407   -1.5292   -1.3848   -0.7088   -0.5425   -0.3670   -0.2262    1.1304    1.4531    2.5777    2.9334    4.0316    4.3940    4.5286    4.8270    5.2518    5.4547    5.5810    5.7595
  1.6429  -13.2423  -13.1647  -12.7451  -12.7137   -6.3110   -6.2732   -6.0335   -5.9266   -5.9089   -5.8215   -5.7029   -5.5803   -5.3853   -5.3010   -5.1976   -5.1501   -5.0983   -5.0610   -4.9967   -4.8732   -4.8526   -4.8031   -4.7606   -4.6957   -4.6323   -4.5531   -4.4870   -4.3777   -4.3211   -4.2820   -4.2148   -4.1336   -4.1132   -4.0694   -4.0193   -3.9625   -3.8707   -3.8263   -3.7377   -3.6932   -3.6211   -3.5692   -3.4471   -3.4349   -3.1958   -3.1350   -2.9543   -2.8116   -2.0662   -1.9026   -1.5198   -1.3973   -0.6977   -0.5461   -0.3489   -0.2472    1.1974    1.3834    2.6452    2.8917    4.0868    4.3573    4.5106    4.8180    5.2609    5.4730    5.5796    5.6922
  1.6642  -13.2373  -13.1700  -12.7444  -12.7142   -6.3111   -6.2742   -6.0331   -5.9216   -5.9102   -5.8254   -5.6981   -5.5834   -5.3863   -5.3011   -5.1970   -5.1493   -5.0978   -5.0603   -4.9960   -4.8717   -4.8523   -4.8040   -4.7618   -4.6987   -4.6328   -4.5514   -4.4882   -4.3745   -4.3249   -4.2817   -4.2165   -4.1318   -4.1130   -4.0710   -4.0183   -3.9625   -3.8708   -3.8256   -3.7375   -3.6923   -3.6195   -3.5729   -3.4465   -3.4358   -3.1857   -3.1415   -2.9238   -2.8486   -2.0274   -1.9409   -1.5164   -1.4017   -0.6939   -0.5474   -0.3403   -0.2567    1.2366    1.3431    2.6749    2.8707    4.1109    4.3387    4.5053    4.8147    5.2647    5.4750    5.6016    5.6510
  1.6642  -12.9105  -12.7909  -12.7811  -12.7400   -6.2102   -6.1631   -6.1126   -6.0610   -5.6552   -5.6289   -5.5904   -5.5421   -5.3186   -5.2726   -5.2414   -5.1665   -5.0088   -4.9528   -4.9371   -4.8756   -4.8212   -4.7574   -4.6981   -4.6248   -4.5927   -4.5518   -4.3943   -4.3361   -4.3103   -4.3011   -4.2363   -4.2128   -4.1214   -4.0592   -4.0373   -4.0275   -3.9172   -3.8954   -3.8603   -3.8350   -3.7675   -3.6993   -3.6778   -3.6180   -3.3604   -3.3028   -3.0976   -3.0555   -2.5586   -2.4273   -1.6994   -1.4515   -1.0534   -0.9492   -0.8576   -0.6652    2.5117    2.6246    2.7250    2.7951    3.6707    3.8948    3.9813    4.2373    4.7844    4.9266    5.1925    5.3135
  1.7110  -12.9131  -12.7951  -12.7807  -12.7383   -6.2335   -6.1568   -6.1026   -6.0471   -5.6616   -5.6393   -5.5788   -5.5436   -5.3206   -5.2745   -5.2431   -5.1586   -5.0082   -4.9602   -4.9315   -4.8772   -4.8203   -4.7615   -4.7044   -4.6196   -4.5955   -4.5543   -4.3952   -4.3357   -4.3101   -4.2954   -4.2348   -4.2142   -4.1234   -4.0576   -4.0355   -4.0288   -3.9201   -3.9030   -3.8755   -3.8204   -3.7584   -3.7126   -3.6659   -3.6133   -3.3611   -3.3013   -3.0857   -3.0531   -2.5692   -2.4175   -1.6769   -1.4582   -1.1265   -0.9172   -0.8250   -0.6622    2.5016    2.6354    2.6984    2.8327    3.6157    3.9369    3.9966    4.2369    4.6629    4.9523    5.2169    5.3842
  1.7578  -12.9213  -12.8058  -12.7796  -12.7347   -6.2688   -6.1636   -6.0701   -6.0185   -5.6816   -5.6529   -5.5587   -5.5478   -5.3302   -5.2785   -5.2419   -5.1411   -5.0085   -4.9723   -4.9247   -4.8818   -4.8173   -4.7717   -4.7210   -4.6145   -4.5976   -4.5566   -4.4000   -4.3341   -4.3100   -4.2804   -4.2351   -4.2144   -4.1230   -4.0668   -4.0378   -4.0139   -3.9332   -3.9171   -3.8933   -3.8003   -3.7398   -3.7299   -3.6486   -3.6016   -3.3649   -3.2964   -3.0599   -3.0387   -2.5953   -2.3884   -1.6162   -1.4889   -1.2118   -0.9311   -0.7500   -0.6426    2.4785    2.6333    2.6963    2.8942    3.5209    3.9377    4.0732    4.2279    4.5109    4.9228    5.2965    5.5170
  1.8045  -12.9355  -12.8193  -12.7783  -12.7309   -6.2986   -6.1733   -6.0364   -5.9871   -5.7112   -5.6605   -5.5600   -5.5322   -5.3452   -5.2910   -5.2279   -5.1242   -5.0134   -4.9853   -4.9204   -4.8874   -4.8132   -4.7844   -4.7428   -4.6225   -4.5958   -4.5454   -4.4097   -4.3325   -4.3105   -4.2659   -4.2413   -4.2059   -4.1153   -4.0884   -4.0356   -3.9960   -3.9493   -3.9276   -3.9008   -3.7839   -3.7466   -3.7190   -3.6333   -3.5830   -3.3692   -3.2948   -3.0378   -2.9997   -2.6247   -2.3410   -1.5702   -1.5248   -1.2449   -0.9676   -0.7268   -0.5773    2.4442    2.6194    2.7360    2.9583    3.4260    3.8964    4.0360    4.2570    4.4968    4.8833    5.3492    5.6759
  1.8513  -12.9565  -12.8329  -12.7779  -12.7276   -6.3185   -6.1792   -6.0177   -5.9525   -5.7438   -5.6661   -5.5691   -5.5087   -5.3613   -5.3070   -5.2092   -5.1170   -5.0222   -5.0016   -4.9179   -4.8914   -4.8171   -4.7919   -4.7636   -4.6318   -4.5984   -4.5195   -4.4213   -4.3354   -4.3145   -4.2607   -4.2411   -4.1948   -4.1123   -4.1024   -4.0271   -3.9929   -3.9638   -3.9101   -3.9025   -3.7739   -3.7595   -3.7048   -3.6197   -3.5583   -3.3679   -3.3012   -3.0126   -2.9533   -2.6452   -2.2773   -1.6688   -1.4360   -1.2330   -1.0091   -0.7442   -0.4969    2.3912    2.6343    2.7843    3.0197    3.3342    3.7678    3.9803    4.3068    4.5951    4.8737    5.3513    5.8520
  1.8981  -12.9845  -12.8449  -12.7789  -12.7243   -6.3271   -6.1804   -6.0183   -5.9160   -5.7756   -5.6773   -5.5727   -5.4864   -5.3775   -5.3197   -5.1941   -5.1284   -5.0328   -5.0178   -4.9166   -4.8951   -4.8294   -4.7928   -4.7770   -4.6373   -4.5981   -4.4916   -4.4325   -4.3429   -4.3228   -4.2588   -4.2342   -4.1924   -4.1232   -4.0921   -4.0170   -3.9925   -3.9707   -3.9072   -3.8712   -3.7729   -3.7683   -3.6955   -3.6029   -3.5353   -3.3586   -3.3072   -2.9889   -2.9117   -2.6459   -2.1995   -1.7716   -1.3488   -1.2142   -1.0314   -0.7819   -0.4272    2.3135    2.6850    2.8323    3.0602    3.2591    3.6114    3.9740    4.3537    4.6633    4.9546    5.3258    6.0042
  1.9449  -13.0185  -12.8548  -12.7818  -12.7209   -6.3243   -6.1773   -6.0322   -5.8873   -5.8019   -5.6971   -5.5710   -5.4665   -5.3925   -5.3272   -5.1882   -5.1591   -5.0476   -5.0257   -4.9205   -4.9008   -4.8330   -4.8043   -4.7731   -4.6368   -4.5924   -4.4819   -4.4375   -4.3554   -4.3236   -4.2575   -4.2222   -4.1981   -4.1245   -4.0833   -4.0114   -3.9828   -3.9683   -3.9084   -3.8410   -3.7829   -3.7622   -3.6877   -3.5842   -3.5216   -3.3427   -3.2960   -2.9765   -2.8808   -2.6191   -2.1095   -1.8591   -1.2879   -1.2191   -1.0040   -0.8307   -0.3724    2.2068    2.7644    2.8605    3.0427    3.2634    3.4847    3.9890    4.4099    4.6627    5.1205    5.3027    6.0262
  1.9916  -13.0574  -12.8631  -12.7860  -12.7172   -6.3115   -6.1711   -6.0521   -5.8833   -5.8127   -5.7196   -5.5698   -5.4492   -5.4039   -5.3324   -5.2075   -5.1878   -5.0591   -5.0304   -4.9398   -4.9005   -4.8285   -4.8189   -4.7566   -4.6292   -4.5840   -4.5021   -4.4317   -4.3781   -4.3033   -4.2552   -4.2101   -4.1972   -4.1253   -4.0762   -4.0041   -3.9789   -3.9562   -3.9035   -3.8351   -3.7845   -3.7508   -3.6768   -3.5685   -3.5186   -3.3200   -3.2594   -2.9808   -2.8586   -2.5660   -2.0118   -1.9183   -1.3165   -1.1811   -0.9822   -0.8456   -0.3314    2.0681    2.7704    2.9032    3.0574    3.3241    3.3936    4.0273    4.4781    4.6442    5.2372    5.3592    6.0411
  2.0384  -13.0994  -12.8704  -12.7907  -12.7136   -6.2913   -6.1645   -6.0705   -5.9038   -5.8167   -5.7351   -5.5732   -5.4352   -5.4088   -5.3430   -5.2508   -5.2010   -5.0653   -5.0338   -4.9659   -4.9017   -4.8375   -4.8158   -4.7327   -4.6147   -4.5788   -4.5294   -4.4291   -4.4012   -4.2806   -4.2445   -4.2037   -4.1837   -4.1255   -4.0741   -3.9949   -3.9772   -3.9483   -3.8868   -3.8412   -3.7823   -3.7435   -3.6621   -3.5607   -3.5177   -3.2914   -3.2035   -3.0001   -2.8383   -2.4952   -1.9661   -1.8854   -1.3803   -1.1456   -1.0293   -0.7723   -0.3016    1.8986    2.6687    2.9863    3.1320    3.3130    3.4373    4.0958    4.5525    4.6315    5.2441    5.5168    6.0799
  2.0852  -13.1430  -12.8775  -12.7950  -12.7101   -6.2682   -6.1637   -6.0781   -5.9304   -5.8339   -5.7398   -5.5811   -5.4300   -5.4014   -5.3681   -5.2888   -5.2078   -5.0739   -5.0365   -4.9875   -4.9110   -4.8460   -4.8084   -4.7094   -4.6023   -4.5833   -4.5404   -4.4326   -4.4153   -4.2695   -4.2277   -4.1894   -4.1731   -4.1204   -4.0798   -3.9862   -3.9731   -3.9419   -3.8652   -3.8403   -3.7816   -3.7428   -3.6496   -3.5638   -3.5113   -3.2632   -3.1406   -3.0277   -2.8118   -2.4150   -1.9552   -1.7845   -1.4419   -1.1890   -1.0333   -0.6716   -0.2797    1.7037    2.5646    2.9575    3.2163    3.3891    3.5378    4.1950    4.5958    4.6652    5.2376    5.6471    6.1403
  2.1320  -13.1869  -12.8850  -12.7981  -12.7071   -6.2475   -6.1726   -6.0714   -5.9523   -5.8583   -5.7442   -5.5922   -5.4388   -5.4056   -5.3780   -5.3203   -5.2028   -5.0913   -5.0434   -4.9946   -4.9282   -4.8462   -4.8057   -4.6920   -4.6171   -4.5777   -4.5311   -4.4352   -4.4189   -4.2636   -4.2232   -4.1740   -4.1614   -4.1115   -4.0872   -3.9816   -3.9637   -3.9303   -3.8505   -3.8215   -3.7847   -3.7426   -3.6414   -3.5723   -3.5047   -3.2417   -3.0991   -3.0453   -2.7671   -2.3302   -1.9121   -1.7213   -1.4881   -1.2468   -1.0050   -0.5675   -0.2629    1.4910    2.4696    2.8391    3.2799    3.5761    3.6457    4.3112    4.5997    4.7591    5.2160    5.7355    6.1852
  2.1787  -13.2298  -12.8930  -12.7995  -12.7046   -6.2344   -6.1840   -6.0657   -5.9588   -5.8798   -5.7551   -5.6057   -5.4687   -5.4195   -5.3731   -5.3330   -5.1900   -5.1163   -5.0509   -4.9922   -4.9476   -4.8412   -4.8073   -4.6801   -4.6339   -4.5769   -4.5177   -4.4341   -4.4096   -4.2650   -4.2284   -4.1745   -4.1401   -4.1148   -4.0779   -3.9808   -3.9511   -3.9096   -3.8381   -3.7954   -3.7892   -3.7393   -3.6361   -3.5815   -3.5031   -3.2304   -3.1178   -3.0241   -2.6934   -2.2411   -1.8523   -1.7445   -1.5263   -1.2053   -0.9802   -0.4670   -0.2487    1.2679    2.3735    2.7005    3.3252    3.7427    3.7994    4.4170    4.5949    4.8925    5.1814    5.7764    6.1889
  2.2255  -13.2704  -12.9014  -12.7993  -12.7026   -6.2321   -6.1905   -6.0757   -5.9530   -5.8843   -5.7724   -5.6209   -5.5021   -5.4304   -5.3957   -5.3126   -5.1735   -5.1417   -5.0577   -4.9924   -4.9599   -4.8348   -4.8071   -4.6708   -4.6445   -4.5818   -4.5070   -4.4382   -4.3859   -4.2773   -4.2381   -4.1764   -4.1305   -4.1203   -4.0593   -3.9807   -3.9339   -3.8853   -3.8255   -3.7980   -3.7625   -3.7321   -3.6322   -3.5890   -3.5063   -3.2288   -3.1506   -3.0094   -2.5919   -2.1485   -1.8611   -1.8007   -1.5125   -1.0759   -0.9599   -0.3743   -0.2348    1.0407    2.2532    2.5829    3.3413    3.8228    4.0111    4.4980    4.5640    5.0695    5.1758    5.7548    6.1520
  2.2723  -13.3078  -12.9098  -12.7977  -12.7013   -6.2373   -6.1919   -6.0955   -5.9594   -5.8617   -5.7907   -5.6354   -5.5293   -5.4496   -5.4176   -5.2884   -5.1639   -5.1530   -5.0668   -5.0050   -4.9547   -4.8259   -4.8008   -4.6654   -4.6466   -4.5881   -4.4988   -4.4467   -4.3613   -4.2943   -4.2490   -4.1835   -4.1334   -4.1227   -4.0388   -3.9795   -3.9094   -3.8723   -3.8141   -3.7957   -3.7381   -3.7166   -3.6295   -3.5936   -3.5091   -3.2346   -3.1797   -3.0084   -2.4754   -2.0823   -1.9659   -1.8158   -1.4126   -0.9735   -0.8847   -0.2938   -0.2179    0.8152    2.0943    2.5072    3.3200    3.8434    4.1836    4.5218    4.5834    5.1563    5.3348    5.7374    6.1701
  2.3191  -13.3411  -12.9178  -12.7952  -12.7004   -6.2442   -6.1917   -6.1172   -5.9738   -5.8497   -5.7867   -5.6463   -5.5516   -5.4707   -5.4382   -5.2679   -5.1798   -5.1319   -5.0783   -5.0232   -4.9390   -4.8102   -4.7906   -4.6671   -4.6360   -4.5941   -4.4956   -4.4576   -4.3431   -4.3062   -4.2584   -4.2002   -4.1406   -4.1275   -4.0188   -3.9759   -3.8852   -3.8728   -3.8064   -3.7844   -3.7240   -3.6886   -3.6286   -3.5981   -3.5014   -3.2484   -3.1989   -3.0154   -2.3667   -2.1770   -1.9274   -1.8256   -1.2713   -0.9573   -0.7191   -0.2364   -0.1869    0.5970    1.9097    2.4655    3.2588    3.7746    4.2844    4.5349    4.6954    5.2143    5.4764    5.8609    6.1895
  2.3658  -13.3694  -12.9249  -12.7924  -12.6999   -6.2507   -6.1903   -6.1376   -5.9882   -5.8683   -5.7534   -5.6530   -5.5707   -5.4847   -5.4605   -5.2527   -5.1924   -5.1131   -5.0877   -5.0409   -4.9234   -4.7946   -4.7700   -4.6703   -4.6173   -4.5986   -4.5033   -4.4628   -4.3328   -4.3088   -4.2666   -4.2248   -4.1538   -4.1304   -4.0061   -3.9694   -3.8858   -3.8607   -3.7993   -3.7735   -3.7128   -3.6555   -3.6287   -3.6046   -3.4778   -3.2708   -3.2064   -3.0242   -2.3913   -2.1947   -1.9056   -1.7633   -1.1311   -0.9344   -0.5607   -0.2040   -0.1380    0.3925    1.7189    2.4462    3.1620    3.6427    4.3385    4.5907    4.8229    5.2754    5.5144    6.1528    6.2418
  2.4126  -13.3920  -12.9308  -12.7897  -12.6996   -6.2564   -6.1876   -6.1548   -5.9986   -5.8941   -5.7206   -5.6569   -5.5848   -5.4949   -5.4772   -5.2445   -5.2001   -5.1115   -5.0826   -5.0518   -4.9177   -4.7879   -4.7315   -4.6727   -4.6132   -4.5818   -4.5147   -4.4619   -4.3323   -4.3074   -4.2756   -4.2481   -4.1698   -4.1318   -4.0109   -3.9576   -3.8894   -3.8538   -3.7903   -3.7653   -3.7042   -3.6415   -3.6120   -3.6027   -3.4453   -3.2984   -3.2084   -3.0269   -2.5325   -2.1146   -1.9067   -1.6621   -1.0496   -0.8547   -0.4372   -0.1709   -0.0928    0.2111    1.5387    2.4457    3.0390    3.5037    4.3757    4.6541    4.9345    5.3107    5.5558    6.3101    6.4801
  2.4594  -13.4086  -12.9351  -12.7875  -12.6995   -6.2611   -6.1856   -6.1665   -6.0018   -5.9211   -5.6965   -5.6601   -5.5914   -5.5138   -5.4761   -5.2450   -5.2010   -5.1191   -5.0827   -5.0413   -4.9262   -4.7813   -4.6994   -4.6703   -4.6172   -4.5502   -4.5133   -4.4614   -4.3481   -4.3195   -4.2797   -4.2538   -4.1832   -4.1342   -4.0287   -3.9445   -3.8912   -3.8528   -3.7813   -3.7588   -3.6992   -3.6470   -3.6108   -3.5584   -3.4136   -3.3285   -3.2120   -3.0133   -2.6703   -2.0635   -1.8881   -1.5684   -1.0295   -0.7273   -0.3651   -0.1418   -0.0565    0.0733    1.3864    2.4656    2.9046    3.3933    4.4016    4.7085    5.0160    5.3191    5.6135    6.3878    6.5942
  2.5062  -13.4187  -12.9378  -12.7860  -12.6995   -6.2642   -6.1871   -6.1705   -5.9964   -5.9465   -5.6830   -5.6616   -5.5920   -5.5308   -5.4697   -5.2494   -5.1982   -5.1250   -5.0888   -5.0188   -4.9442   -4.7735   -4.6966   -4.6629   -4.6101   -4.5190   -4.4909   -4.4648   -4.3863   -4.3344   -4.2789   -4.2475   -4.1887   -4.1394   -4.0460   -3.9352   -3.8937   -3.8522   -3.7744   -3.7544   -3.6971   -3.6518   -3.6107   -3.5141   -3.3910   -3.3574   -3.2183   -2.9776   -2.7865   -2.0465   -1.8583   -1.5018   -1.0258   -0.6154   -0.3345   -0.1673   -0.0229    0.0153    1.2819    2.5054    2.7824    3.3253    4.4170    4.7449    5.0641    5.3194    5.6615    6.4431    6.5770
  2.5529  -13.4221  -12.9387  -12.7855  -12.6995   -6.2653   -6.1886   -6.1708   -5.9892   -5.9606   -5.6794   -5.6611   -5.5912   -5.5379   -5.4667   -5.2516   -5.1968   -5.1272   -5.0913   -5.0049   -4.9568   -4.7696   -4.6994   -4.6619   -4.6050   -4.4990   -4.4760   -4.4612   -4.4184   -4.3406   -4.2782   -4.2446   -4.1879   -4.1434   -4.0530   -3.9319   -3.8951   -3.8518   -3.7717   -3.7528   -3.6967   -3.6535   -3.6106   -3.4926   -3.3856   -3.3696   -3.2218   -2.9419   -2.8498   -2.0435   -1.8449   -1.4774   -1.0254   -0.5672   -0.3263   -0.1989   -0.0078    0.0087    1.2442    2.5360    2.7216    3.3026    4.4222    4.7576    5.0797    5.3193    5.6801    6.4625    6.5658
  2.5529  -13.4221  -12.9387  -12.7855  -12.6995   -6.2653   -6.1886   -6.1708   -5.9892   -5.9606   -5.6794   -5.6611   -5.5912   -5.5379   -5.4667   -5.2516   -5.1968   -5.1272   -5.0913   -5.0049   -4.9568   -4.7696   -4.6994   -4.6619   -4.6050   -4.4990   -4.4760   -4.4612   -4.4184   -4.3406   -4.2782   -4.2446   -4.1879   -4.1434   -4.0530   -3.9319   -3.8951   -3.8518   -3.7717   -3.7528   -3.6967   -3.6535   -3.6106   -3.4926   -3.3856   -3.3696   -3.2218   -2.9419   -2.8498   -2.0435   -1.8449   -1.4774   -1.0254   -0.5672   -0.3263   -0.1989   -0.0078    0.0087    1.2442    2.5360    2.7216    3.3026    4.4222    4.7576    5.0797    5.3193    5.6801    6.4626    6.5656
  2.5852  -13.4205  -12.9396  -12.7864  -12.6996   -6.2659   -6.1911   -6.1670   -5.9988   -5.9534   -5.6887   -5.6574   -5.5882   -5.5333   -5.4632   -5.2533   -5.1977   -5.1260   -5.0899   -5.0185   -4.9434   -4.7735   -4.6977   -4.6595   -4.6066   -4.5093   -4.4817   -4.4601   -4.4080   -4.3420   -4.2796   -4.2422   -4.1875   -4.1438   -4.0487   -3.9328   -3.8964   -3.8536   -3.7742   -3.7535   -3.6948   -3.6524   -3.6150   -3.4861   -3.3862   -3.3709   -3.2224   -2.9837   -2.7979   -2.0493   -1.8342   -1.4774   -1.0304   -0.5765   -0.3429   -0.1991   -0.0096    0.0366    1.2533    2.4808    2.7468    3.3260    4.4283    4.7558    5.0765    5.3222    5.6760    6.4567    6.5642
  2.6175  -13.4157  -12.9420  -12.7892  -12.6999   -6.2676   -6.1972   -6.1569   -6.0165   -5.9427   -5.7067   -5.6537   -5.5798   -5.5233   -5.4513   -5.2580   -5.2010   -5.1244   -5.0857   -5.0400   -4.9216   -4.7822   -4.6974   -4.6503   -4.6115   -4.5365   -4.4870   -4.4570   -4.3916   -4.3431   -4.2832   -4.2375   -4.1857   -4.1445   -4.0369   -3.9358   -3.9004   -3.8582   -3.7813   -3.7555   -3.6911   -3.6498   -3.6237   -3.4722   -3.3894   -3.3709   -3.2268   -3.0400   -2.7105   -2.0631   -1.8057   -1.4774   -1.0443   -0.6053   -0.3753   -0.2045   -0.0132    0.1065    1.2801    2.3670    2.7754    3.3923    4.4453    4.7508    5.0669    5.3305    5.6642    6.4392    6.5621
  2.6497  -13.4077  -12.9459  -12.7937  -12.7007   -6.2699   -6.2060   -6.1421   -6.0351   -5.9347   -5.7274   -5.6504   -5.5709   -5.5115   -5.4303   -5.2642   -5.2074   -5.1283   -5.0801   -5.0529   -4.9040   -4.7900   -4.7026   -4.6385   -4.6162   -4.5671   -4.4914   -4.4517   -4.3841   -4.3369   -4.2877   -4.2363   -4.1803   -4.1447   -4.0202   -3.9406   -3.9063   -3.8636   -3.7910   -3.7589   -3.6904   -3.6474   -3.6275   -3.4620   -3.3942   -3.3625   -3.2417   -3.0810   -2.6159   -2.0786   -1.7663   -1.4770   -1.0641   -0.6522   -0.4041   -0.2174   -0.0193    0.1998    1.3232    2.2342    2.7809    3.4898    4.4696    4.7434    5.0508    5.3439    5.6453    6.4050    6.5538
  2.6820  -13.3967  -12.9510  -12.7998  -12.7022   -6.2727   -6.2169   -6.1240   -6.0516   -5.9303   -5.7488   -5.6450   -5.5683   -5.4960   -5.4028   -5.2710   -5.2176   -5.1413   -5.0779   -5.0474   -4.8962   -4.7922   -4.7124   -4.6445   -4.6032   -4.5928   -4.4968   -4.4436   -4.3860   -4.3253   -4.2894   -4.2415   -4.1701   -4.1442   -4.0027   -3.9461   -3.9136   -3.8682   -3.8016   -3.7638   -3.6968   -3.6453   -3.6219   -3.4628   -3.3977   -3.3447   -3.2682   -3.1025   -2.5227   -2.0890   -1.7223   -1.4754   -1.0855   -0.7111   -0.4266   -0.2362   -0.0284    0.3056    1.3803    2.0956    2.7663    3.6049    4.4956    4.7345    5.0288    5.3616    5.6205    6.3537    6.5862
  2.7142  -13.3828  -12.9571  -12.8073  -12.7046   -6.2760   -6.2293   -6.1055   -6.0625   -5.9294   -5.7695   -5.6376   -5.5739   -5.4765   -5.3733   -5.2774   -5.2318   -5.1575   -5.0793   -5.0295   -4.8993   -4.7876   -4.7255   -4.6587   -4.6132   -4.5797   -4.5033   -4.4331   -4.3892   -4.3206   -4.2820   -4.2511   -4.1587   -4.1421   -3.9913   -3.9483   -3.9209   -3.8711   -3.8121   -3.7699   -3.7079   -3.6417   -3.6110   -3.4730   -3.4002   -3.3336   -3.2858   -3.1109   -2.4418   -2.0854   -1.6801   -1.4701   -1.1042   -0.7743   -0.4470   -0.2586   -0.0410    0.4181    1.4486    1.9579    2.7383    3.7268    4.5170    4.7236    5.0026    5.3820    5.5915    6.2808    6.4679
  2.7465  -13.3660  -12.9638  -12.8160  -12.7084   -6.2801   -6.2422   -6.0969   -6.0579   -5.9312   -5.7886   -5.6315   -5.5836   -5.4558   -5.3474   -5.2831   -5.2484   -5.1699   -5.0832   -5.0069   -4.9089   -4.7803   -4.7390   -4.6706   -4.6265   -4.5593   -4.5080   -4.4226   -4.3876   -4.3250   -4.2690   -4.2597   -4.1542   -4.1337   -3.9914   -3.9460   -3.9248   -3.8731   -3.8222   -3.7758   -3.7194   -3.6375   -3.5989   -3.4897   -3.4026   -3.3545   -3.2632   -3.1139   -2.3884   -2.0556   -1.6473   -1.4570   -1.1163   -0.8357   -0.4697   -0.2822   -0.0574    0.5341    1.5242    1.8271    2.7016    3.8482    4.5292    4.7065    4.9768    5.4015    5.5612    6.1764    6.2861
  2.7787  -13.3467  -12.9708  -12.8257  -12.7137   -6.2850   -6.2544   -6.0998   -6.0377   -5.9345   -5.8050   -5.6366   -5.5871   -5.4371   -5.3324   -5.2888   -5.2627   -5.1735   -5.0894   -4.9846   -4.9183   -4.7759   -4.7491   -4.6783   -4.6342   -4.5510   -4.5024   -4.4140   -4.3782   -4.3335   -4.2740   -4.2489   -4.1563   -4.1210   -3.9977   -3.9489   -3.9209   -3.8758   -3.8329   -3.7777   -3.7292   -3.6332   -3.5879   -3.5134   -3.4040   -3.3766   -3.2273   -3.1156   -2.3699   -1.9953   -1.6287   -1.4335   -1.1198   -0.8909   -0.4980   -0.3047   -0.0780    0.6514    1.5956    1.7156    2.6597    3.9634    4.5319    4.6744    4.9578    5.4091    5.5371    6.0174    6.1472
  2.8110  -13.3250  -12.9777  -12.8361  -12.7209   -6.2910   -6.2646   -6.1038   -6.0160   -5.9374   -5.8176   -5.6582   -5.5794   -5.4241   -5.3331   -5.2943   -5.2708   -5.1661   -5.0956   -4.9703   -4.9179   -4.7798   -4.7520   -4.6808   -4.6368   -4.5565   -4.4846   -4.4052   -4.3658   -4.3423   -4.2809   -4.2383   -4.1599   -4.1098   -4.0043   -3.9560   -3.9156   -3.8793   -3.8445   -3.7730   -3.7370   -3.6295   -3.5808   -3.5415   -3.4074   -3.3851   -3.1884   -3.1177   -2.3780   -1.9163   -1.6221   -1.4030   -1.1155   -0.9355   -0.5332   -0.3245   -0.1030    0.7685    1.5709    1.7164    2.6145    4.0673    4.5287    4.6213    4.9498    5.3843    5.5277    5.8491    6.0462
  2.8432  -13.3013  -12.9844  -12.8470  -12.7300   -6.2977   -6.2723   -6.1062   -6.0011   -5.9373   -5.8248   -5.6880   -5.5679   -5.4202   -5.3442   -5.2985   -5.2731   -5.1528   -5.0985   -4.9686   -4.9016   -4.7906   -4.7496   -4.6780   -4.6365   -4.5656   -4.4637   -4.3960   -4.3657   -4.3378   -4.2844   -4.2362   -4.1609   -4.1026   -4.0097   -3.9628   -3.9156   -3.8834   -3.8520   -3.7636   -3.7429   -3.6280   -3.5896   -3.5573   -3.4186   -3.3755   -3.1490   -3.1204   -2.4010   -1.8340   -1.6204   -1.3712   -1.1095   -0.9637   -0.5746   -0.3415   -0.1325    0.8843    1.4863    1.7940    2.5674    4.1535    4.5239    4.5516    4.9505    5.3172    5.5116    5.7308    5.9575
  2.8755  -13.2758  -12.9904  -12.8582  -12.7413   -6.3041   -6.2773   -6.1072   -5.9970   -5.9348   -5.8265   -5.7180   -5.5571   -5.4262   -5.3583   -5.3031   -5.2680   -5.1429   -5.0957   -4.9681   -4.8796   -4.8021   -4.7460   -4.6718   -4.6353   -4.5722   -4.4458   -4.3947   -4.3651   -4.3251   -4.2857   -4.2412   -4.1586   -4.1005   -4.0153   -3.9673   -3.9220   -3.8880   -3.8498   -3.7568   -3.7436   -3.6387   -3.6065   -3.5552   -3.4329   -3.3558   -3.1294   -3.1042   -2.4321   -1.7591   -1.6167   -1.3407   -1.1110   -0.9704   -0.6199   -0.3566   -0.1661    0.9980    1.4174    1.8733    2.5190    4.2140    4.4648    4.5338    4.9556    5.2082    5.4617    5.6915    5.8796
  2.9078  -13.2490  -12.9954  -12.8694  -12.7548   -6.3091   -6.2798   -6.1075   -6.0007   -5.9353   -5.8315   -5.7354   -5.5493   -5.4381   -5.3737   -5.3062   -5.2573   -5.1392   -5.0914   -4.9596   -4.8628   -4.8061   -4.7424   -4.6669   -4.6337   -4.5730   -4.4418   -4.3961   -4.3530   -4.3152   -4.2893   -4.2430   -4.1552   -4.1036   -4.0232   -3.9698   -3.9310   -3.8890   -3.8411   -3.7598   -3.7344   -3.6665   -3.6081   -3.5511   -3.4493   -3.3298   -3.1347   -3.0641   -2.4673   -1.7002   -1.6049   -1.3109   -1.1219   -0.9608   -0.6654   -0.3710   -0.2031    1.1088    1.3727    1.9449    2.4697    4.2400    4.3854    4.5511    4.9619    5.0725    5.4044    5.6872    5.8141
  2.9400  -13.2215  -12.9993  -12.8803  -12.7705   -6.3122   -6.2798   -6.1080   -6.0078   -5.9410   -5.8523   -5.7286   -5.5452   -5.4517   -5.3891   -5.3065   -5.2454   -5.1381   -5.0904   -4.9424   -4.8588   -4.7947   -4.7384   -4.6673   -4.6305   -4.5677   -4.4560   -4.3908   -4.3392   -4.3091   -4.2947   -4.2354   -4.1527   -4.1100   -4.0344   -3.9748   -3.9365   -3.8841   -3.8305   -3.7657   -3.7249   -3.6935   -3.6061   -3.5481   -3.4675   -3.2999   -3.1423   -3.0229   -2.5041   -1.6612   -1.5817   -1.2814   -1.1369   -0.9488   -0.7060   -0.3861   -0.2416    1.2157    1.3559    2.0030    2.4199    4.2230    4.3260    4.5785    4.9261    4.9754    5.3547    5.6769    5.7614
  2.9723  -13.1938  -13.0015  -12.8907  -12.7883   -6.3135   -6.2768   -6.1100   -6.0165   -5.9517   -5.8810   -5.7072   -5.5447   -5.4647   -5.4019   -5.3043   -5.2361   -5.1370   -5.0916   -4.9225   -4.8590   -4.7749   -4.7332   -4.6711   -4.6275   -4.5590   -4.4759   -4.3958   -4.3254   -4.3049   -4.2927   -4.2235   -4.1512   -4.1157   -4.0476   -3.9859   -3.9360   -3.8746   -3.8208   -3.7736   -3.7265   -3.7034   -3.6047   -3.5469   -3.4869   -3.2681   -3.1506   -2.9820   -2.5407   -1.6343   -1.5538   -1.2547   -1.1523   -0.9449   -0.7360   -0.4037   -0.2787    1.3143    1.3719    2.0425    2.3695    4.1720    4.2928    4.6064    4.7992    4.9815    5.3124    5.6505    5.7113
  3.0045  -13.1670  -13.0015  -12.9003  -12.8079   -6.3131   -6.2706   -6.1141   -6.0273   -5.9666   -5.9054   -5.6836   -5.5465   -5.4765   -5.4089   -5.3009   -5.2321   -5.1350   -5.0919   -4.9084   -4.8513   -4.7564   -4.7256   -4.6744   -4.6266   -4.5516   -4.4943   -4.4142   -4.3093   -4.2980   -4.2896   -4.2111   -4.1510   -4.1158   -4.0608   -4.0019   -3.9326   -3.8629   -3.8165   -3.7820   -3.7347   -3.6974   -3.6047   -3.5482   -3.5055   -3.2368   -3.1587   -2.9423   -2.5753   -1.6095   -1.5282   -1.2374   -1.1670   -0.9510   -0.7515   -0.4257   -0.3105    1.3845    1.4383    2.0589    2.3184    4.1184    4.2662    4.6223    4.6950    4.9909    5.2776    5.6113    5.6626
  3.0368  -13.1423  -12.9985  -12.9090  -12.8289   -6.3113   -6.2611   -6.1207   -6.0430   -5.9812   -5.9216   -5.6642   -5.5496   -5.4872   -5.4076   -5.2976   -5.2346   -5.1322   -5.0895   -4.9031   -4.8333   -4.7425   -4.7170   -4.6741   -4.6277   -4.5507   -4.5073   -4.4370   -4.2969   -4.2897   -4.2875   -4.1986   -4.1517   -4.1085   -4.0726   -4.0205   -3.9287   -3.8528   -3.8216   -3.7848   -3.7354   -3.6913   -3.6065   -3.5527   -3.5206   -3.2085   -3.1655   -2.9052   -2.6065   -1.5829   -1.5062   -1.2367   -1.1812   -0.9601   -0.7540   -0.4529   -0.3343    1.4470    1.5301    2.0499    2.2661    4.0771    4.2378    4.5819    4.6624    5.0011    5.2507    5.5572    5.6214
  3.0690  -13.1214  -12.9916  -12.9168  -12.8505   -6.3087   -6.2488   -6.1296   -6.0642   -5.9900   -5.9315   -5.6513   -5.5529   -5.4962   -5.3977   -5.2956   -5.2424   -5.1298   -5.0843   -4.9017   -4.8117   -4.7323   -4.7108   -4.6705   -4.6297   -4.5559   -4.5167   -4.4557   -4.3069   -4.2817   -4.2692   -4.1863   -4.1511   -4.0998   -4.0817   -4.0387   -3.9247   -3.8541   -3.8224   -3.7838   -3.7318   -3.6884   -3.6092   -3.5592   -3.5306   -3.1891   -3.1662   -2.8727   -2.6329   -1.5545   -1.4869   -1.2511   -1.1984   -0.9649   -0.7475   -0.4831   -0.3503    1.5224    1.6199    2.0169    2.2116    4.0509    4.2079    4.5230    4.6654    5.0112    5.2320    5.4948    5.5924
  3.1013  -13.1060  -12.9801  -12.9242  -12.8712   -6.3060   -6.2344   -6.1403   -6.0857   -5.9936   -5.9375   -5.6443   -5.5561   -5.5032   -5.3816   -5.2959   -5.2529   -5.1284   -5.0777   -4.9014   -4.7925   -4.7265   -4.7038   -4.6673   -4.6331   -4.5603   -4.5284   -4.4653   -4.3218   -4.2752   -4.2491   -4.1759   -4.1485   -4.1013   -4.0860   -4.0489   -3.9212   -3.8655   -3.8137   -3.7826   -3.7298   -3.6881   -3.6116   -3.5644   -3.5373   -3.1861   -3.1547   -2.8471   -2.6531   -1.5263   -1.4707   -1.2718   -1.2195   -0.9647   -0.7361   -0.5118   -0.3602    1.6069    1.7009    1.9645    2.1561    4.0373    4.1809    4.4834    4.6667    5.0201    5.2210    5.4381    5.5734
  3.1336  -13.0968  -12.9649  -12.9333  -12.8873   -6.3039   -6.2205   -6.1515   -6.1010   -5.9946   -5.9409   -5.6411   -5.5585   -5.5075   -5.3650   -5.2993   -5.2618   -5.1278   -5.0724   -4.9012   -4.7795   -4.7250   -4.6940   -4.6670   -4.6380   -4.5614   -4.5398   -4.4677   -4.3344   -4.2712   -4.2320   -4.1694   -4.1444   -4.1125   -4.0901   -4.0477   -3.9186   -3.8754   -3.8050   -3.7812   -3.7328   -3.6873   -3.6131   -3.5665   -3.5417   -3.1878   -3.1437   -2.8307   -2.6658   -1.5026   -1.4606   -1.2891   -1.2387   -0.9629   -0.7248   -0.5334   -0.3657    1.6916    1.7635    1.9009    2.1078    4.0317    4.1621    4.4619    4.6660    5.0265    5.2160    5.3981    5.5598
  3.1658  -13.0938  -12.9518  -12.9433  -12.8936   -6.3031   -6.2137   -6.1574   -6.1063   -5.9948   -5.9420   -5.6402   -5.5594   -5.5090   -5.3570   -5.3023   -5.2651   -5.1277   -5.0704   -4.9012   -4.7750   -4.7247   -4.6885   -4.6680   -4.6407   -4.5613   -4.5445   -4.4678   -4.3394   -4.2698   -4.2248   -4.1673   -4.1410   -4.1202   -4.0919   -4.0456   -3.9176   -3.8791   -3.8015   -3.7801   -3.7356   -3.6866   -3.6137   -3.5668   -3.5435   -3.1886   -3.1397   -2.8250   -2.6702   -1.4922   -1.4580   -1.2957   -1.2468   -0.9620   -0.7199   -0.5417   -0.3674    1.7432    1.7873    1.8586    2.0866    4.0303    4.1555    4.4551    4.6654    5.0289    5.2147    5.3837    5.5557
  3.1658  -12.9357  -12.8214  -12.7635  -12.7199   -6.1047   -6.0573   -5.9700   -5.9242   -5.9129   -5.8171   -5.5978   -5.5293   -5.3756   -5.3155   -5.2050   -5.1573   -5.0296   -5.0216   -4.8718   -4.8347   -4.8054   -4.7152   -4.6828   -4.6133   -4.5685   -4.5145   -4.4536   -4.4050   -4.2970   -4.2670   -4.1952   -4.1539   -4.0835   -4.0670   -4.0497   -4.0278   -3.9202   -3.8523   -3.8280   -3.7514   -3.6780   -3.6578   -3.5510   -3.5041   -3.4718   -3.4530   -3.0940   -3.0762   -2.0656   -2.0267   -1.9776   -1.9604   -1.4863   -1.3931   -0.9877   -0.9014    2.3613    2.5440    2.8111    2.8492    3.0705    3.3972    4.3734    4.4634    4.6269    5.0472    5.3869    6.1865
  3.2062  -12.9421  -12.8225  -12.7602  -12.7200   -6.1059   -6.0580   -5.9721   -5.9299   -5.9034   -5.8149   -5.6007   -5.5298   -5.3768   -5.3157   -5.2151   -5.1456   -5.0442   -5.0088   -4.8735   -4.8374   -4.8096   -4.7161   -4.6817   -4.6129   -4.5609   -4.5147   -4.4495   -4.4026   -4.3074   -4.2611   -4.2025   -4.1463   -4.1017   -4.0800   -4.0332   -4.0193   -3.9188   -3.8598   -3.8269   -3.7518   -3.6889   -3.6541   -3.5709   -3.4973   -3.4635   -3.4240   -3.1400   -3.0195   -2.1172   -2.0566   -1.9573   -1.9117   -1.4922   -1.3849   -0.9791   -0.8906    2.3001    2.5976    2.7562    2.9196    3.0799    3.4026    4.3631    4.4416    4.6441    5.0797    5.3548    6.2226
  3.2467  -12.9596  -12.8258  -12.7524  -12.7200   -6.1081   -6.0619   -5.9775   -5.9355   -5.8858   -5.8092   -5.6086   -5.5304   -5.3807   -5.3180   -5.2312   -5.1255   -5.0596   -4.9984   -4.8785   -4.8469   -4.8156   -4.7196   -4.6818   -4.6072   -4.5433   -4.5135   -4.4401   -4.3972   -4.3234   -4.2560   -4.2156   -4.1498   -4.1203   -4.0909   -4.0261   -3.9967   -3.9171   -3.8749   -3.8272   -3.7508   -3.7043   -3.6706   -3.5644   -3.5004   -3.4678   -3.3436   -3.1815   -2.9462   -2.2208   -2.0667   -1.9433   -1.8523   -1.5086   -1.3555   -0.9548   -0.8602    2.1995    2.6007    2.7847    3.0119    3.1083    3.4184    4.3214    4.4110    4.6866    5.1552    5.2820    6.3105
  3.2871  -12.9855  -12.8305  -12.7437  -12.7190   -6.1096   -6.0719   -5.9837   -5.9383   -5.8647   -5.8024   -5.6194   -5.5291   -5.3875   -5.3256   -5.2441   -5.1086   -5.0703   -4.9960   -4.8878   -4.8630   -4.8130   -4.7272   -4.6840   -4.5973   -4.5216   -4.5087   -4.4328   -4.3928   -4.3300   -4.2591   -4.2260   -4.1853   -4.1191   -4.0870   -4.0269   -3.9762   -3.9231   -3.8822   -3.8314   -3.7471   -3.7223   -3.6861   -3.5467   -3.4991   -3.4741   -3.2537   -3.2054   -2.8664   -2.3264   -2.0734   -1.9372   -1.8170   -1.5300   -1.3012   -0.9177   -0.8154    2.1009    2.5243    2.8944    3.1121    3.1566    3.4429    4.2566    4.3934    4.7501    5.1535    5.2904    6.4128
  3.3275  -13.0169  -12.8366  -12.7382  -12.7154   -6.1091   -6.0890   -5.9879   -5.9391   -5.8444   -5.7953   -5.6302   -5.5246   -5.3967   -5.3398   -5.2535   -5.0996   -5.0760   -5.0006   -4.9036   -4.8788   -4.8025   -4.7380   -4.6839   -4.5912   -4.5083   -4.4961   -4.4328   -4.3871   -4.3267   -4.2671   -4.2337   -4.2150   -4.1247   -4.0701   -4.0336   -3.9643   -3.9302   -3.8790   -3.8393   -3.7538   -3.7236   -3.6921   -3.5458   -3.4976   -3.4631   -3.2387   -3.1348   -2.7828   -2.4260   -2.0792   -1.9487   -1.7956   -1.5474   -1.2312   -0.8697   -0.7616    2.0061    2.4446    2.9991    3.2068    3.2406    3.4741    4.1964    4.3782    4.8347    5.0701    5.3824    6.4940
  3.3679  -13.0520  -12.8439  -12.7373  -12.7091   -6.1119   -6.1062   -5.9900   -5.9385   -5.8336   -5.7851   -5.6378   -5.5162   -5.4069   -5.3597   -5.2599   -5.1089   -5.0699   -5.0089   -4.9248   -4.8896   -4.7983   -4.7404   -4.6810   -4.5911   -4.5184   -4.4805   -4.4293   -4.3785   -4.3274   -4.2703   -4.2482   -4.2160   -4.1288   -4.0599   -4.0364   -3.9650   -3.9231   -3.8740   -3.8487   -3.7645   -3.7127   -3.6916   -3.5513   -3.5090   -3.4342   -3.2465   -3.0251   -2.7006   -2.5117   -2.0924   -1.9768   -1.7758   -1.5524   -1.1599   -0.8113   -0.7032    1.9062    2.3843    3.0761    3.2854    3.3646    3.5136    4.1570    4.3619    4.9337    5.0088    5.4523    6.5225
  3.4084  -13.0893  -12.8521  -12.7392  -12.7023   -6.1362   -6.1036   -5.9910   -5.9363   -5.8368   -5.7712   -5.6404   -5.5056   -5.4161   -5.3820   -5.2637   -5.1302   -5.0606   -5.0174   -4.9480   -4.8958   -4.8118   -4.7261   -4.6773   -4.5956   -4.5451   -4.4787   -4.4135   -4.3752   -4.3306   -4.2769   -4.2434   -4.2021   -4.1296   -4.0643   -4.0271   -3.9684   -3.9088   -3.8680   -3.8568   -3.7689   -3.7125   -3.6768   -3.5557   -3.5212   -3.4065   -3.2447   -2.9105   -2.6582   -2.5431   -2.1226   -2.0156   -1.7465   -1.5420   -1.0982   -0.7427   -0.6434    1.7895    2.3597    3.1125    3.3585    3.4919    3.5776    4.1483    4.3466    4.9488    5.0815    5.4699    6.4833
  3.4488  -13.1277  -12.8610  -12.7426  -12.6966   -6.1611   -6.1020   -5.9927   -5.9317   -5.8495   -5.7589   -5.6389   -5.4981   -5.4253   -5.3985   -5.2655   -5.1541   -5.0575   -5.0233   -4.9715   -4.8983   -4.8306   -4.7120   -4.6743   -4.6043   -4.5769   -4.4801   -4.4041   -4.3792   -4.3272   -4.2747   -4.2316   -4.1864   -4.1249   -4.0656   -4.0212   -3.9707   -3.8927   -3.8645   -3.8549   -3.7684   -3.7192   -3.6545   -3.5619   -3.5287   -3.3814   -3.2318   -2.7978   -2.6994   -2.4718   -2.1710   -2.0632   -1.7016   -1.5161   -1.0509   -0.6657   -0.5840    1.6512    2.3770    3.0973    3.4104    3.6029    3.6925    4.1687    4.3421    4.9482    5.2195    5.4178    6.3911
  3.4892  -13.1664  -12.8703  -12.7467  -12.6925   -6.1844   -6.1035   -5.9971   -5.9238   -5.8668   -5.7499   -5.6373   -5.5008   -5.4409   -5.3963   -5.2646   -5.1757   -5.0593   -5.0308   -4.9930   -4.9019   -4.8412   -4.7099   -4.6763   -4.6321   -4.5840   -4.4807   -4.4122   -4.3800   -4.3155   -4.2628   -4.2258   -4.1746   -4.1134   -4.0588   -4.0210   -3.9715   -3.8777   -3.8699   -3.8355   -3.7655   -3.7268   -3.6318   -3.5719   -3.5321   -3.3534   -3.2082   -2.7680   -2.6692   -2.3745   -2.2303   -2.1179   -1.6497   -1.4674   -1.0175   -0.5845   -0.5263    1.4942    2.4303    3.0303    3.4368    3.7151    3.8336    4.1932    4.3739    4.9850    5.2439    5.4192    6.2716
  3.5296  -13.2044  -12.8798  -12.7513  -12.6899   -6.2051   -6.1088   -6.0061   -5.9162   -5.8816   -5.7425   -5.6392   -5.5150   -5.4568   -5.3857   -5.2581   -5.1922   -5.0619   -5.0440   -5.0078   -4.9148   -4.8344   -4.7215   -4.6878   -4.6594   -4.5789   -4.4794   -4.4287   -4.3752   -4.2980   -4.2520   -4.2282   -4.1615   -4.1031   -4.0457   -4.0227   -3.9683   -3.8772   -3.8613   -3.8136   -3.7637   -3.7316   -3.6158   -3.5770   -3.5382   -3.3207   -3.1748   -2.8025   -2.5708   -2.2967   -2.2707   -2.1695   -1.6050   -1.3839   -0.9956   -0.5044   -0.4698    1.3240    2.5029    2.9300    3.4380    3.8321    3.9744    4.2008    4.4574    5.0347    5.0913    5.5824    6.1392
  3.5701  -13.2411  -12.8893  -12.7562  -12.6888   -6.2225   -6.1177   -6.0201   -5.9260   -5.8762   -5.7346   -5.6465   -5.5356   -5.4703   -5.3820   -5.2419   -5.2021   -5.0733   -5.0528   -5.0126   -4.9328   -4.8174   -4.7457   -4.7013   -4.6733   -4.5792   -4.4789   -4.4404   -4.3688   -4.2805   -4.2503   -4.2281   -4.1467   -4.0992   -4.0315   -4.0218   -3.9601   -3.8817   -3.8467   -3.7947   -3.7658   -3.7315   -3.6164   -3.5700   -3.5444   -3.2908   -3.1387   -2.8085   -2.5086   -2.3476   -2.2199   -2.1569   -1.5640   -1.2672   -0.9826   -0.4353   -0.4083    1.1458    2.5463    2.8465    3.4095    3.9414    4.0901    4.2183    4.5545    4.8639    5.1895    5.7592    6.0086
  3.6105  -13.2758  -12.8984  -12.7612  -12.6889   -6.2362   -6.1289   -6.0384   -5.9484   -5.8563   -5.7255   -5.6596   -5.5558   -5.4841   -5.3901   -5.2227   -5.2000   -5.0937   -5.0552   -5.0070   -4.9488   -4.8078   -4.7645   -4.7101   -4.6796   -4.5857   -4.4880   -4.4379   -4.3627   -4.2789   -4.2457   -4.2208   -4.1381   -4.0976   -4.0243   -4.0105   -3.9476   -3.8855   -3.8310   -3.7807   -3.7709   -3.7279   -3.6238   -3.5762   -3.5312   -3.2694   -3.1195   -2.7664   -2.5210   -2.3941   -2.1795   -2.0804   -1.5087   -1.1282   -0.9759   -0.3831   -0.3388    0.9636    2.4688    2.8690    3.3480    4.0180    4.1374    4.2701    4.5610    4.8269    5.3393    5.8683    5.9603
  3.6509  -13.3078  -12.9070  -12.7661  -12.6898   -6.2465   -6.1413   -6.0594   -5.9729   -5.8336   -5.7162   -5.6784   -5.5708   -5.4984   -5.4061   -5.2180   -5.1785   -5.1151   -5.0551   -4.9981   -4.9573   -4.8216   -4.7599   -4.7123   -4.6800   -4.5933   -4.5028   -4.4293   -4.3573   -4.2893   -4.2409   -4.2083   -4.1397   -4.1024   -4.0103   -3.9960   -3.9321   -3.8893   -3.8143   -3.7796   -3.7683   -3.7230   -3.6298   -3.5901   -3.5077   -3.2567   -3.1256   -2.6892   -2.5763   -2.4361   -2.0948   -2.0211   -1.4239   -0.9796   -0.9705   -0.3383   -0.2720    0.7811    2.3049    2.9531    3.2572    4.0012    4.1016    4.3293    4.5886    4.9379    5.4827    5.8320    6.0870
  3.6913  -13.3367  -12.9149  -12.7707  -12.6914   -6.2536   -6.1533   -6.0816   -5.9959   -5.8133   -5.7161   -5.6924   -5.5792   -5.5111   -5.4253   -5.2171   -5.1596   -5.1356   -5.0505   -4.9949   -4.9557   -4.8352   -4.7523   -4.7067   -4.6739   -4.5963   -4.5175   -4.4241   -4.3513   -4.2983   -4.2429   -4.1989   -4.1448   -4.1201   -3.9928   -3.9761   -3.9162   -3.8922   -3.7991   -3.7855   -3.7590   -3.7163   -3.6322   -3.6017   -3.4831   -3.2513   -3.1455   -2.6663   -2.6230   -2.4180   -2.0268   -1.9550   -1.3085   -0.9719   -0.8220   -0.2964   -0.2127    0.6019    2.1132    3.0087    3.1661    3.8053    4.1231    4.4197    4.6930    5.0613    5.5292    5.9371    6.1633
  3.7318  -13.3619  -12.9219  -12.7749  -12.6933   -6.2582   -6.1640   -6.1039   -6.0144   -5.8063   -5.7304   -5.6863   -5.5833   -5.5195   -5.4442   -5.2169   -5.1618   -5.1438   -5.0473   -4.9932   -4.9536   -4.8331   -4.7477   -4.6959   -4.6631   -4.5903   -4.5299   -4.4257   -4.3440   -4.3032   -4.2490   -4.1988   -4.1595   -4.1344   -3.9856   -3.9570   -3.9013   -3.8882   -3.7966   -3.7805   -3.7458   -3.7056   -3.6309   -3.6088   -3.4591   -3.2533   -3.1687   -2.7278   -2.6638   -2.3094   -2.0119   -1.8512   -1.1776   -0.9636   -0.6744   -0.2535   -0.1627    0.4300    1.9134    2.9371    3.1562    3.5806    4.1751    4.5139    4.8066    5.1611    5.5188    6.1296    6.2448
  3.7722  -13.3831  -12.9278  -12.7786  -12.6952   -6.2611   -6.1728   -6.1250   -6.0258   -5.8269   -5.7269   -5.6772   -5.5860   -5.5232   -5.4600   -5.2188   -5.1786   -5.1408   -5.0518   -4.9928   -4.9540   -4.8151   -4.7428   -4.6846   -4.6481   -4.5749   -4.5376   -4.4330   -4.3389   -4.3050   -4.2569   -4.2084   -4.1860   -4.1346   -3.9911   -3.9494   -3.8912   -3.8747   -3.7971   -3.7707   -3.7294   -3.6875   -3.6247   -3.6116   -3.4365   -3.2643   -3.1894   -2.7938   -2.7191   -2.1748   -2.0150   -1.7419   -1.0720   -0.9200   -0.5474   -0.2042   -0.1239    0.2710    1.7172    2.8071    3.1426    3.3983    4.2436    4.5981    4.9078    5.2234    5.5301    6.2413    6.4616
  3.8126  -13.4000  -12.9325  -12.7815  -12.6969   -6.2631   -6.1795   -6.1437   -6.0280   -5.8633   -5.7115   -5.6697   -5.5882   -5.5256   -5.4694   -5.2260   -5.1904   -5.1378   -5.0622   -4.9966   -4.9541   -4.7921   -4.7336   -4.6771   -4.6290   -4.5549   -4.5346   -4.4431   -4.3463   -4.3038   -4.2652   -4.2312   -4.1974   -4.1339   -4.0090   -3.9432   -3.8895   -3.8618   -3.7912   -3.7630   -3.7155   -3.6670   -3.6122   -3.6041   -3.4162   -3.2858   -3.2044   -2.8530   -2.7715   -2.0525   -2.0178   -1.6399   -1.0356   -0.8094   -0.4537   -0.1455   -0.0989    0.1342    1.5360    2.6860    3.0308    3.3231    4.3145    4.6668    4.9873    5.2582    5.5712    6.3274    6.6426
  3.8530  -13.4122  -12.9359  -12.7837  -12.6983   -6.2644   -6.1844   -6.1583   -6.0205   -5.9025   -5.6955   -5.6646   -5.5898   -5.5302   -5.4709   -5.2376   -5.1952   -5.1341   -5.0750   -5.0012   -4.9549   -4.7771   -4.7177   -4.6713   -4.6142   -4.5365   -4.5127   -4.4535   -4.3699   -4.3078   -4.2773   -4.2434   -4.1974   -4.1357   -4.0303   -3.9373   -3.8917   -3.8550   -3.7819   -3.7574   -3.7055   -3.6571   -3.6113   -3.5633   -3.3996   -3.3166   -3.2142   -2.9003   -2.8135   -2.0361   -1.9377   -1.5550   -1.0280   -0.6877   -0.3933   -0.1199   -0.0668    0.0401    1.3847    2.5964    2.8818    3.3078    4.3730    4.7171    5.0408    5.2861    5.6222    6.4002    6.6365
  3.8935  -13.4196  -12.9380  -12.7851  -12.6992   -6.2651   -6.1875   -6.1677   -6.0043   -5.9387   -5.6838   -5.6619   -5.5909   -5.5356   -5.4683   -5.2477   -5.1965   -5.1296   -5.0863   -5.0040   -4.9562   -4.7711   -4.7039   -4.6651   -4.6071   -4.5149   -4.4827   -4.4638   -4.4002   -4.3284   -4.2792   -4.2446   -4.1919   -4.1403   -4.0468   -3.9333   -3.8941   -3.8524   -3.7744   -3.7540   -3.6990   -3.6541   -3.6107   -3.5168   -3.3886   -3.3510   -3.2199   -2.9311   -2.8405   -2.0415   -1.8691   -1.4977   -1.0259   -0.5989   -0.3504   -0.1652   -0.0204    0.0077    1.2813    2.5485    2.7665    3.3037    4.4098    4.7475    5.0703    5.3097    5.6637    6.4469    6.5860
  3.9339  -13.4221  -12.9387  -12.7855  -12.6995   -6.2653   -6.1886   -6.1708   -5.9892   -5.9606   -5.6794   -5.6611   -5.5912   -5.5379   -5.4667   -5.2516   -5.1968   -5.1272   -5.0913   -5.0049   -4.9568   -4.7696   -4.6994   -4.6619   -4.6050   -4.4990   -4.4760   -4.4612   -4.4184   -4.3406   -4.2782   -4.2446   -4.1879   -4.1434   -4.0530   -3.9319   -3.8951   -3.8518   -3.7717   -3.7528   -3.6967   -3.6535   -3.6106   -3.4926   -3.3856   -3.3696   -3.2218   -2.9419   -2.8498   -2.0435   -1.8449   -1.4774   -1.0254   -0.5672   -0.3263   -0.1989   -0.0078    0.0087    1.2442    2.5360    2.7216    3.3026    4.4222    4.7576    5.0797    5.3193    5.6801    6.4626    6.5654
  3.9339  -13.4221  -12.9387  -12.7855  -12.6995   -6.2653   -6.1886   -6.1708   -5.9892   -5.9606   -5.6794   -5.6611   -5.5912   -5.5379   -5.4667   -5.2516   -5.1968   -5.1272   -5.0913   -5.0049   -4.9568   -4.7696   -4.6994   -4.6619   -4.6050   -4.4990   -4.4760   -4.4612   -4.4184   -4.3406   -4.2782   -4.2446   -4.1879   -4.1434   -4.0530   -3.9319   -3.8951   -3.8518   -3.7717   -3.7528   -3.6967   -3.6535   -3.6106   -3.4926   -3.3856   -3.3696   -3.2218   -2.9419   -2.8498   -2.0435   -1.8449   -1.4774   -1.0254   -0.5672   -0.3263   -0.1989   -0.0078    0.0087    1.2442    2.5360    2.7216    3.3026    4.4222    4.7576    5.0797    5.3193    5.6801    6.4625    6.5659
  3.9826  -13.4185  -12.9381  -12.7858  -12.6997   -6.2673   -6.1907   -6.1622   -6.0216   -5.9215   -5.6839   -5.6635   -5.5926   -5.5333   -5.4652   -5.2472   -5.1976   -5.1324   -5.0830   -5.0133   -4.9448   -4.7726   -4.7012   -4.6766   -4.6155   -4.5092   -4.4683   -4.4631   -4.4107   -4.3341   -4.2775   -4.2361   -4.1941   -4.1389   -4.0488   -3.9338   -3.8958   -3.8527   -3.7752   -3.7541   -3.6996   -3.6546   -3.6152   -3.5010   -3.3915   -3.3551   -3.2161   -2.9724   -2.8027   -2.0458   -1.8521   -1.5010   -1.0291   -0.5778   -0.3899   -0.1428   -0.0231    0.0166    1.2876    2.5296    2.7447    3.3256    4.4123    4.7407    5.0680    5.2926    5.6463    6.4480    6.5936
  4.0314  -13.4077  -12.9361  -12.7867  -12.7001   -6.2718   -6.1922   -6.1441   -6.0526   -5.8710   -5.6943   -5.6720   -5.5947   -5.5198   -5.4619   -5.2369   -5.2001   -5.1388   -5.0701   -5.0212   -4.9218   -4.7830   -4.7307   -4.6871   -4.6413   -4.5234   -4.4727   -4.4570   -4.3877   -4.3246   -4.2792   -4.2229   -4.1927   -4.1306   -4.0378   -3.9414   -3.8968   -3.8555   -3.7847   -3.7584   -3.7077   -3.6595   -3.6271   -3.5149   -3.4067   -3.3218   -3.2019   -3.0145   -2.7137   -2.0574   -1.8686   -1.5622   -1.0421   -0.6268   -0.4783   -0.1219   -0.0327    0.0736    1.4069    2.5110    2.8107    3.3901    4.3864    4.6912    5.0303    5.2234    5.5503    6.3950    6.6536
  4.0802  -13.3900  -12.9329  -12.7880  -12.7009   -6.2769   -6.1916   -6.1273   -6.0631   -5.8290   -5.7171   -5.6717   -5.5944   -5.5008   -5.4579   -5.2295   -5.2058   -5.1341   -5.0687   -5.0090   -4.8980   -4.8132   -4.7671   -4.6920   -4.6675   -4.5375   -4.4835   -4.4453   -4.3618   -4.3183   -4.2913   -4.2182   -4.1684   -4.1196   -4.0234   -3.9558   -3.8976   -3.8597   -3.7981   -3.7662   -3.7186   -3.6723   -3.6384   -3.5250   -3.4261   -3.2813   -3.1849   -3.0481   -2.6107   -2.0896   -1.8837   -1.6368   -1.0752   -0.7207   -0.5424   -0.1944   -0.0348    0.2158    1.5789    2.4841    2.9051    3.4859    4.3555    4.6114    4.9604    5.1318    5.4092    6.2772    6.6740
  4.1289  -13.3659  -12.9285  -12.7897  -12.7020   -6.2809   -6.1889   -6.1196   -6.0478   -5.8067   -5.7497   -5.6525   -5.5884   -5.4860   -5.4489   -5.2302   -5.2187   -5.1127   -5.0717   -4.9837   -4.8841   -4.8569   -4.7848   -4.7201   -4.6717   -4.5533   -4.4923   -4.4317   -4.3460   -4.3133   -4.3044   -4.2089   -4.1488   -4.1029   -4.0118   -3.9725   -3.9008   -3.8647   -3.8132   -3.7764   -3.7274   -3.6923   -3.6446   -3.5337   -3.4460   -3.2397   -3.1685   -3.0696   -2.5093   -2.1438   -1.9051   -1.6883   -1.1500   -0.8042   -0.6088   -0.2874   -0.0486    0.3963    1.7816    2.4544    3.0019    3.6012    4.3326    4.5051    4.8532    5.0333    5.2527    6.0791    6.5772
  4.1777  -13.3359  -12.9229  -12.7916  -12.7035   -6.2823   -6.1844   -6.1120   -6.0220   -5.8150   -5.7687   -5.6290   -5.5691   -5.4832   -5.4312   -5.2442   -5.2283   -5.0888   -5.0647   -4.9576   -4.9186   -4.8539   -4.7993   -4.7493   -4.6698   -4.5716   -4.4975   -4.4195   -4.3486   -4.3117   -4.2991   -4.1974   -4.1373   -4.0865   -4.0126   -3.9811   -3.9083   -3.8728   -3.8266   -3.7864   -3.7303   -3.7123   -3.6491   -3.5458   -3.4643   -3.2108   -3.1448   -3.0760   -2.4392   -2.1923   -1.9580   -1.6830   -1.2690   -0.8507   -0.6946   -0.3759   -0.0695    0.5920    1.9975    2.4258    3.0729    3.7192    4.3041    4.3957    4.7131    4.9437    5.1156    5.8415    6.4592
  4.2265  -13.3007  -12.9163  -12.7934  -12.7052   -6.2797   -6.1786   -6.0984   -6.0043   -5.8419   -5.7636   -5.6166   -5.5361   -5.4840   -5.4138   -5.2722   -5.2248   -5.0799   -5.0418   -4.9581   -4.9316   -4.8504   -4.8134   -4.7625   -4.6668   -4.5918   -4.5001   -4.4136   -4.3526   -4.3138   -4.2835   -4.1883   -4.1280   -4.0805   -4.0213   -3.9784   -3.9204   -3.8869   -3.8366   -3.7973   -3.7388   -3.7142   -3.6542   -3.5624   -3.4799   -3.2095   -3.1025   -3.0668   -2.4484   -2.1862   -2.0290   -1.6435   -1.3967   -0.8920   -0.7816   -0.4492   -0.0958    0.7898    2.2085    2.4062    3.1023    3.8075    4.1692    4.3646    4.5737    4.8888    5.0237    5.6167    6.3144
  4.2752  -13.2614  -12.9089  -12.7950  -12.7073   -6.2732   -6.1719   -6.0801   -6.0105   -5.8514   -5.7478   -5.6128   -5.5180   -5.4665   -5.4010   -5.3041   -5.2136   -5.0742   -5.0250   -4.9847   -4.9190   -4.8505   -4.8266   -4.7556   -4.6620   -4.6119   -4.5030   -4.4121   -4.3510   -4.3189   -4.2655   -4.1907   -4.1166   -4.0829   -4.0267   -3.9710   -3.9356   -3.9041   -3.8449   -3.8106   -3.7544   -3.7013   -3.6592   -3.5807   -3.4913   -3.2224   -3.0795   -3.0239   -2.5131   -2.1651   -2.0758   -1.6467   -1.4675   -0.9718   -0.8220   -0.5073   -0.1272    0.9783    2.3318    2.4672    3.0950    3.8150    3.9944    4.2965    4.5034    4.8354    5.0497    5.4405    6.1612
  4.3240  -13.2188  -12.9007  -12.7961  -12.7096   -6.2655   -6.1629   -6.0744   -6.0242   -5.8382   -5.7251   -5.6141   -5.5241   -5.4287   -5.3894   -5.3338   -5.2024   -5.0663   -5.0223   -5.0071   -4.9125   -4.8504   -4.8281   -4.7413   -4.6558   -4.6293   -4.5083   -4.4102   -4.3509   -4.3192   -4.2505   -4.2094   -4.1032   -4.0846   -4.0267   -3.9705   -3.9478   -3.9181   -3.8548   -3.8237   -3.7661   -3.7004   -3.6578   -3.5956   -3.4958   -3.2399   -3.0819   -2.9626   -2.5786   -2.2082   -2.0607   -1.7215   -1.4764   -1.0394   -0.8358   -0.5518   -0.1638    1.1458    2.3290    2.6325    3.0683    3.6832    3.8768    4.1856    4.4667    4.7766    5.1825    5.3522    6.0219
  4.3728  -13.1744  -12.8918  -12.7965  -12.7121   -6.2618   -6.1485   -6.1096   -6.0009   -5.8154   -5.7014   -5.6169   -5.5370   -5.4052   -5.3679   -5.3475   -5.2055   -5.0545   -5.0386   -5.0070   -4.9096   -4.8586   -4.8133   -4.7299   -4.6536   -4.6348   -4.5167   -4.4087   -4.3552   -4.3101   -4.2492   -4.2285   -4.1058   -4.0751   -4.0203   -3.9810   -3.9585   -3.9229   -3.8690   -3.8316   -3.7722   -3.7122   -3.6579   -3.6040   -3.4913   -3.2575   -3.1033   -2.9087   -2.6187   -2.2641   -2.0611   -1.7723   -1.5270   -1.0441   -0.8462   -0.5833   -0.2065    1.2817    2.3162    2.7624    3.0376    3.4844    3.7986    4.0962    4.4007    4.7669    5.1961    5.4741    5.9138
  4.4215  -13.1294  -12.8825  -12.7962  -12.7147   -6.2663   -6.1632   -6.1167   -5.9627   -5.7919   -5.6862   -5.6146   -5.5499   -5.4161   -5.3397   -5.3230   -5.2299   -5.0561   -5.0278   -5.0012   -4.9099   -4.8625   -4.8024   -4.7249   -4.6567   -4.6254   -4.5283   -4.4093   -4.3621   -4.2997   -4.2710   -4.2257   -4.1232   -4.0631   -4.0112   -3.9912   -3.9724   -3.9245   -3.8836   -3.8359   -3.7726   -3.7240   -3.6679   -3.6089   -3.4830   -3.2694   -3.1436   -2.8726   -2.6289   -2.3148   -2.0961   -1.7760   -1.6034   -1.0183   -0.8525   -0.6034   -0.2565    1.3784    2.3061    2.8175    3.0001    3.3021    3.7347    4.0563    4.3432    4.7877    5.1609    5.6055    5.8764
  4.4703  -13.0855  -12.8726  -12.7952  -12.7174   -6.2792   -6.2072   -6.0833   -5.9194   -5.7733   -5.6829   -5.6073   -5.5546   -5.4334   -5.3248   -5.2833   -5.2553   -5.0595   -5.0043   -4.9937   -4.9109   -4.8595   -4.8006   -4.7235   -4.6571   -4.6129   -4.5403   -4.4121   -4.3741   -4.3038   -4.2806   -4.2171   -4.1474   -4.0555   -4.0118   -3.9964   -3.9827   -3.9360   -3.8864   -3.8408   -3.7686   -3.7292   -3.6822   -3.6150   -3.4828   -3.2740   -3.1899   -2.8539   -2.6287   -2.3566   -2.1421   -1.7703   -1.6373   -1.0119   -0.8484   -0.6161   -0.3135    1.4340    2.2986    2.7904    2.9188    3.1845    3.6977    4.0752    4.3384    4.8142    5.1370    5.6009    5.9128
  4.5191  -13.0442  -12.8620  -12.7935  -12.7199   -6.2999   -6.2444   -6.0439   -5.8755   -5.7633   -5.6856   -5.5994   -5.5469   -5.4476   -5.3492   -5.2674   -5.2206   -5.0613   -4.9893   -4.9797   -4.9083   -4.8496   -4.8020   -4.7229   -4.6609   -4.5996   -4.5486   -4.4196   -4.3907   -4.3152   -4.2810   -4.2070   -4.1733   -4.0545   -4.0301   -3.9923   -3.9903   -3.9550   -3.8788   -3.8458   -3.7636   -3.7287   -3.6953   -3.6222   -3.4945   -3.2981   -3.2086   -2.8492   -2.6404   -2.3760   -2.2029   -1.7427   -1.6169   -1.0333   -0.8480   -0.6260   -0.3736    1.4517    2.2929    2.6892    2.7883    3.1519    3.6991    4.1396    4.3876    4.8432    5.1277    5.5540    5.9095
  4.5678  -13.0073  -12.8506  -12.7911  -12.7222   -6.3268   -6.2713   -6.0035   -5.8366   -5.7586   -5.6918   -5.5835   -5.5367   -5.4574   -5.3940   -5.2465   -5.1742   -5.0610   -4.9830   -4.9653   -4.9012   -4.8335   -4.7992   -4.7206   -4.6703   -4.5891   -4.5501   -4.4336   -4.4063   -4.3237   -4.2805   -4.2110   -4.1864   -4.0646   -4.0517   -4.0012   -3.9934   -3.9645   -3.8717   -3.8483   -3.7613   -3.7292   -3.7037   -3.6261   -3.5110   -3.3459   -3.2055   -2.8637   -2.6483   -2.3922   -2.2519   -1.6626   -1.5814   -1.0697   -0.8772   -0.6355   -0.4276    1.4399    2.2863    2.5281    2.6590    3.1775    3.7440    4.2283    4.4613    4.8756    5.1401    5.5166    5.8507
  4.6166  -12.9763  -12.8382  -12.7884  -12.7241   -6.3550   -6.2899   -5.9656   -5.8129   -5.7480   -5.6989   -5.5590   -5.5375   -5.4639   -5.4274   -5.2292   -5.1396   -5.0493   -4.9805   -4.9553   -4.8933   -4.8183   -4.7862   -4.7170   -4.6768   -4.5912   -4.5396   -4.4501   -4.4206   -4.3294   -4.2787   -4.2315   -4.1838   -4.0886   -4.0693   -4.0160   -4.0024   -3.9606   -3.8697   -3.8467   -3.7652   -3.7349   -3.7070   -3.6234   -3.5258   -3.3906   -3.2233   -2.8959   -2.6249   -2.4544   -2.2237   -1.5691   -1.5289   -1.1144   -0.9486   -0.6440   -0.4663    1.4105    2.2597    2.3491    2.5553    3.2399    3.8275    4.3242    4.5345    4.8993    5.1835    5.5047    5.7554
  4.6654  -12.9522  -12.8254  -12.7853  -12.7258   -6.3803   -6.3033   -5.9326   -5.8052   -5.7367   -5.6970   -5.5651   -5.5271   -5.4663   -5.4353   -5.2187   -5.1244   -5.0204   -4.9808   -4.9456   -4.8886   -4.8055   -4.7693   -4.7159   -4.6719   -4.5997   -4.5258   -4.4615   -4.4357   -4.3332   -4.2809   -4.2446   -4.1822   -4.1140   -4.0866   -4.0322   -4.0148   -3.9525   -3.8716   -3.8426   -3.7761   -3.7414   -3.7080   -3.6189   -3.5367   -3.4217   -3.2776   -2.9234   -2.6273   -2.4678   -2.1504   -1.5472   -1.4100   -1.1692   -1.0473   -0.6516   -0.4891    1.3775    2.1041    2.2842    2.4788    3.3287    3.9294    4.4181    4.6071    4.9037    5.2383    5.5238    5.6505
  4.7141  -12.9349  -12.8134  -12.7820  -12.7270   -6.4006   -6.3129   -5.9049   -5.8012   -5.7424   -5.6853   -5.5911   -5.5065   -5.4635   -5.4279   -5.2133   -5.1187   -4.9922   -4.9821   -4.9307   -4.8858   -4.7939   -4.7606   -4.7104   -4.6688   -4.5993   -4.5195   -4.4668   -4.4434   -4.3380   -4.2958   -4.2391   -4.1814   -4.1330   -4.1028   -4.0497   -4.0317   -3.9406   -3.8756   -3.8382   -3.7878   -3.7469   -3.7092   -3.6186   -3.5441   -3.4370   -3.3569   -2.9357   -2.6981   -2.3747   -2.0597   -1.5531   -1.3312   -1.2352   -1.1141   -0.6597   -0.5005    1.3535    1.9100    2.2618    2.4260    3.4348    4.0169    4.5086    4.6859    4.9048    5.2409    5.5375    5.6182
  4.7629  -12.9237  -12.8042  -12.7783  -12.7279   -6.4152   -6.3193   -5.8809   -5.7982   -5.7547   -5.6903   -5.5939   -5.4962   -5.4595   -5.4170   -5.2087   -5.1154   -4.9897   -4.9743   -4.9069   -4.8809   -4.7954   -4.7462   -4.7058   -4.6761   -4.5893   -4.5164   -4.4749   -4.4323   -4.3505   -4.3121   -4.2250   -4.1778   -4.1449   -4.1147   -4.0679   -4.0525   -3.9237   -3.8807   -3.8341   -3.7958   -3.7519   -3.7114   -3.6215   -3.5487   -3.4514   -3.4296   -2.9350   -2.7708   -2.2473   -1.9631   -1.5833   -1.4307   -1.2397   -1.0840   -0.6687   -0.5046    1.3478    1.7358    2.2443    2.3911    3.5445    4.0676    4.5824    4.7438    4.9577    5.1623    5.5435    5.6699
  4.8117  -12.9174  -12.7989  -12.7751  -12.7284   -6.4240   -6.3229   -5.8574   -5.8073   -5.7597   -5.7062   -5.5812   -5.4938   -5.4568   -5.4095   -5.2036   -5.1137   -4.9952   -4.9687   -4.8852   -4.8742   -4.8034   -4.7303   -4.7060   -4.6848   -4.5838   -4.5127   -4.4707   -4.4204   -4.3722   -4.3194   -4.2140   -4.1703   -4.1519   -4.1197   -4.0841   -4.0723   -3.9053   -3.8841   -3.8304   -3.8010   -3.7554   -3.7137   -3.6232   -3.5512   -3.5114   -3.4353   -2.9247   -2.8265   -2.1221   -1.8724   -1.6355   -1.5612   -1.2512   -1.0218   -0.6774   -0.5048    1.3642    1.6009    2.2334    2.3705    3.6341    4.0854    4.6270    4.7500    5.0480    5.1015    5.5652    5.7035
  4.8604  -12.9154  -12.7972  -12.7738  -12.7286   -6.4269   -6.3240   -5.8380   -5.8244   -5.7579   -5.7141   -5.5744   -5.4941   -5.4559   -5.4072   -5.2011   -5.1134   -4.9977   -4.9670   -4.8777   -4.8697   -4.8074   -4.7244   -4.7063   -4.6886   -4.5832   -4.5117   -4.4614   -4.4181   -4.3842   -4.3209   -4.2102   -4.1663   -4.1537   -4.1196   -4.0914   -4.0816   -3.8978   -3.8838   -3.8285   -3.8040   -3.7565   -3.7145   -3.6227   -3.5519   -3.5386   -3.4346   -2.9154   -2.8513   -2.0594   -1.8224   -1.6796   -1.6199   -1.2565   -0.9960   -0.6813   -0.5044    1.3828    1.5408    2.2298    2.3635    3.6704    4.0877    4.6417    4.7469    5.0240    5.1534    5.5768    5.7080
